100 10000 200
32 15 44
88 37 166
3 79 14
24 15 99
80 79 151
83 11 141
6 58 186
42 63 45
12 34 61
77 18 40
80 98 197
94 3 168
56 5 92
41 86 164
92 77 66
25 91 113
8 78 45
67 69 124
62 81 43
13 76 171
5 30 133
84 25 180
95 85 114
11 43 184
24 10 51
31 52 121
34 68 181
32 72 147
19 99 76
54 23 162
85 70 139
64 61 181
99 75 69
23 63 107
30 54 105
46 79 176
79 61 152
47 4 135
5 86 8
95 1 24
23 58 197
77 64 185
51 1 17
33 25 75
68 35 196
96 35 14
26 74 12
66 66 102
48 1 79
23 35 196
49 99 159
87 3 27
9 33 143
2 79 124
72 39 82
8 38 66
86 57 42
85 67 171
11 92 83
46 72 165
41 68 18
54 52 200
21 13 36
73 30 164
81 47 26
26 80 91
29 78 140
25 28 118
71 79 119
74 22 5
39 100 107
71 46 1
10 74 56
56 67 21
87 92 86
5 71 173
64 5 150
97 9 182
33 92 88
41 74 12
7 81 62
100 18 111
90 29 38
30 83 86
45 9 79
44 100 36
27 19 113
20 91 53
45 14 104
44 7 121
40 27 54
50 40 196
65 92 158
51 36 13
63 50 20
24 23 125
11 30 125
43 87 49
97 38 142
44 61 93
66 84 59
25 45 12
46 82 191
33 62 134
92 50 43
56 4 176
91 63 187
69 62 13
100 15 119
61 66 121
84 79 153
97 49 96
22 82 53
83 16 105
10 29 83
30 16 99
48 37 34
4 33 127
78 65 69
14 57 63
45 30 102
97 33 60
24 59 30
77 97 12
19 92 8
35 91 143
2 17 14
42 19 94
89 52 11
13 40 55
51 3 126
9 15 95
76 97 182
50 93 39
74 53 112
81 9 8
89 61 98
85 20 163
96 2 110
45 91 179
51 29 99
55 71 159
81 39 16
26 55 195
85 84 171
100 45 184
27 53 64
70 22 125
60 48 174
58 94 51
61 17 110
88 23 127
63 86 96
28 2 13
69 1 132
56 18 52
62 38 163
80 81 49
39 35 67
16 55 115
42 26 1
25 60 154
5 74 39
26 5 48
85 25 48
54 74 84
21 89 165
37 37 109
93 100 8
71 54 68
94 48 51
44 86 98
47 58 28
16 67 57
45 92 198
74 62 115
7 17 92
20 38 20
16 98 64
77 44 27
58 44 35
92 11 28
38 48 92
40 23 65
16 54 160
50 39 144
31 20 155
3 94 35
23 25 107
19 45 155
50 83 134
37 79 65
79 76 77
51 2 155
80 25 136
86 50 173
73 19 142
45 76 104
25 39 58
31 30 47
