1000
687 310 343 747 653 349 367 153 638 898 321 740 245 944 991 647 786 328 391 463 772 272 835 316 874 8 805 473 978 665 403 960 635 156 447 40 671 851 152 925 470 553 472 373 893 678 507 320 953 895 199 347 799 284 198 583 763 197 940 45 667 318 47 104 296 96 443 531 171 382 71 894 164 733 252 293 652 190 905 887 741 568 73 774 273 402 985 208 897 694 464 797 485 478 524 435 117 664 839 465 291 17 522 616 432 362 433 813 179 222 999 676 590 562 372 59 1000 685 359 35 303 424 363 496 623 356 560 119 541 720 829 753 188 534 545 415 233 167 268 237 775 781 529 353 215 572 70 426 882 466 945 88 691 136 504 916 549 808 36 183 881 982 611 32 368 543 987 234 633 202 860 9 662 913 281 532 791 570 615 105 60 628 311 146 535 769 277 683 563 275 975 910 949 326 224 838 439 422 76 489 239 578 673 196 132 131 229 140 657 609 605 162 717 690 850 721 251 445 274 313 346 427 607 934 581 344 99 186 766 646 924 509 28 589 219 689 330 723 911 947 369 12 116 497 454 479 408 579 444 817 226 655 332 684 438 896 580 374 184 159 516 241 875 636 834 469 174 6 380 750 793 48 859 748 335 849 602 50 980 974 397 81 749 645 358 863 85 499 421 588 89 510 700 686 697 546 25 287 333 481 738 824 381 734 65 414 336 843 160 455 232 155 200 453 456 574 815 594 948 20 848 996 295 398 787 312 984 109 341 393 595 726 366 981 832 670 166 701 394 811 95 110 163 695 390 784 739 804 306 396 77 731 218 253 619 379 361 873 235 599 656 540 836 107 92 475 340 650 542 204 203 178 345 98 66 833 927 837 904 724 644 266 413 93 711 134 254 148 746 528 329 658 932 604 718 106 38 735 551 323 319 216 745 112 707 138 907 365 193 128 249 189 826 582 818 922 78 703 842 921 755 825 331 858 571 458 300 451 387 305 63 256 288 265 459 812 212 431 141 569 672 68 214 771 677 450 57 452 292 989 423 778 621 870 868 27 643 407 282 101 468 501 831 269 294 988 82 751 24 62 173 471 640 172 952 526 506 928 261 357 494 760 289 420 840 260 236 986 990 617 736 846 514 124 290 641 337 207 857 878 821 533 900 713 515 10 648 16 511 259 558 814 123 782 728 714 627 612 845 377 613 324 262 547 457 121 802 902 883 886 971 596 133 693 90 161 587 7 325 371 556 554 255 175 244 416 759 142 573 938 823 206 484 630 669 49 46 696 762 705 909 350 87 770 777 756 250 903 231 436 21 704 567 67 508 4 828 55 37 936 622 559 807 732 956 941 56 462 852 495 271 919 11 299 383 114 127 195 527 548 308 719 544 780 13 830 661 765 995 404 651 279 722 725 42 410 598 767 187 91 22 861 135 170 783 385 181 822 409 304 708 933 19 889 801 632 297 591 866 351 157 180 364 51 521 411 151 601 931 399 792 626 461 742 498 955 586 137 147 917 205 309 177 334 100 280 317 552 575 864 505 23 144 885 270 593 566 806 405 314 488 853 798 525 926 285 668 773 631 58 969 120 692 654 998 15 698 384 322 939 41 154 486 213 663 997 441 440 803 979 437 702 263 744 86 267 963 768 111 2 191 225 964 557 434 492 865 26 914 176 487 192 149 130 993 220 624 629 34 125 625 639 688 502 920 968 666 976 992 467 238 446 538 425 315 480 785 264 951 603 386 327 950 474 710 209 406 72 550 483 158 930 871 54 448 961 906 618 869 754 74 69 584 942 888 819 165 342 967 113 847 649 412 597 856 247 519 143 680 962 301 577 418 943 376 536 555 844 965 716 228 820 879 352 378 642 606 389 994 64 891 954 809 637 79 884 248 14 211 118 634 918 223 862 430 243 929 500 899 729 796 972 258 401 614 339 977 194 890 957 576 370 790 375 240 966 970 600 901 482 449 182 908 61 512 659 338 561 201 33 392 221 660 854 169 286 737 682 276 867 108 80 429 935 743 145 43 168 520 537 789 758 302 150 517 283 530 699 278 126 892 757 983 29 460 946 610 937 523 706 679 242 83 585 5 709 915 539 490 257 493 298 44 912 102 307 18 388 84 730 794 923 442 419 764 417 115 681 355 855 122 880 94 491 52 712 592 400 877 476 565 39 816 608 428 348 75 503 246 675 139 354 958 97 3 217 360 129 795 715 779 827 518 227 30 210 477 776 564 973 876 727 53 674 959 513 761 752 185 872 395 800 620 841 788 103 31 810 230 1 
999
1 2
1 3
1 4
1 5
1 6
1 7
1 8
1 9
1 10
1 11
1 12
1 13
1 14
1 15
1 16
1 17
1 18
1 19
1 20
1 21
1 22
1 23
1 24
1 25
1 26
1 27
1 28
1 29
1 30
1 31
1 32
1 33
1 34
1 35
1 36
1 37
1 38
1 39
1 40
1 41
1 42
1 43
1 44
1 45
1 46
1 47
1 48
1 49
1 50
1 51
1 52
1 53
1 54
1 55
1 56
1 57
1 58
1 59
1 60
1 61
1 62
1 63
1 64
1 65
1 66
1 67
1 68
1 69
1 70
1 71
1 72
1 73
1 74
1 75
1 76
1 77
1 78
1 79
1 80
1 81
1 82
1 83
1 84
1 85
1 86
1 87
1 88
1 89
1 90
1 91
1 92
1 93
1 94
1 95
1 96
1 97
1 98
1 99
1 100
1 101
1 102
1 103
1 104
1 105
1 106
1 107
1 108
1 109
1 110
1 111
1 112
1 113
1 114
1 115
1 116
1 117
1 118
1 119
1 120
1 121
1 122
1 123
1 124
1 125
1 126
1 127
1 128
1 129
1 130
1 131
1 132
1 133
1 134
1 135
1 136
1 137
1 138
1 139
1 140
1 141
1 142
1 143
1 144
1 145
1 146
1 147
1 148
1 149
1 150
1 151
1 152
1 153
1 154
1 155
1 156
1 157
1 158
1 159
1 160
1 161
1 162
1 163
1 164
1 165
1 166
1 167
1 168
1 169
1 170
1 171
1 172
1 173
1 174
1 175
1 176
1 177
1 178
1 179
1 180
1 181
1 182
1 183
1 184
1 185
1 186
1 187
1 188
1 189
1 190
1 191
1 192
1 193
1 194
1 195
1 196
1 197
1 198
1 199
1 200
1 201
1 202
1 203
1 204
1 205
1 206
1 207
1 208
1 209
1 210
1 211
1 212
1 213
1 214
1 215
1 216
1 217
1 218
1 219
1 220
1 221
1 222
1 223
1 224
1 225
1 226
1 227
1 228
1 229
1 230
1 231
1 232
1 233
1 234
1 235
1 236
1 237
1 238
1 239
1 240
1 241
1 242
1 243
1 244
1 245
1 246
1 247
1 248
1 249
1 250
1 251
1 252
1 253
1 254
1 255
1 256
1 257
1 258
1 259
1 260
1 261
1 262
1 263
1 264
1 265
1 266
1 267
1 268
1 269
1 270
1 271
1 272
1 273
1 274
1 275
1 276
1 277
1 278
1 279
1 280
1 281
1 282
1 283
1 284
1 285
1 286
1 287
1 288
1 289
1 290
1 291
1 292
1 293
1 294
1 295
1 296
1 297
1 298
1 299
1 300
1 301
1 302
1 303
1 304
1 305
1 306
1 307
1 308
1 309
1 310
1 311
1 312
1 313
1 314
1 315
1 316
1 317
1 318
1 319
1 320
1 321
1 322
1 323
1 324
1 325
1 326
1 327
1 328
1 329
1 330
1 331
1 332
1 333
1 334
1 335
1 336
1 337
1 338
1 339
1 340
1 341
1 342
1 343
1 344
1 345
1 346
1 347
1 348
1 349
1 350
1 351
1 352
1 353
1 354
1 355
1 356
1 357
1 358
1 359
1 360
1 361
1 362
1 363
1 364
1 365
1 366
1 367
1 368
1 369
1 370
1 371
1 372
1 373
1 374
1 375
1 376
1 377
1 378
1 379
1 380
1 381
1 382
1 383
1 384
1 385
1 386
1 387
1 388
1 389
1 390
1 391
1 392
1 393
1 394
1 395
1 396
1 397
1 398
1 399
1 400
1 401
1 402
1 403
1 404
1 405
1 406
1 407
1 408
1 409
1 410
1 411
1 412
1 413
1 414
1 415
1 416
1 417
1 418
1 419
1 420
1 421
1 422
1 423
1 424
1 425
1 426
1 427
1 428
1 429
1 430
1 431
1 432
1 433
1 434
1 435
1 436
1 437
1 438
1 439
1 440
1 441
1 442
1 443
1 444
1 445
1 446
1 447
1 448
1 449
1 450
1 451
1 452
1 453
1 454
1 455
1 456
1 457
1 458
1 459
1 460
1 461
1 462
1 463
1 464
1 465
1 466
1 467
1 468
1 469
1 470
1 471
1 472
1 473
1 474
1 475
1 476
1 477
1 478
1 479
1 480
1 481
1 482
1 483
1 484
1 485
1 486
1 487
1 488
1 489
1 490
1 491
1 492
1 493
1 494
1 495
1 496
1 497
1 498
1 499
1 500
1 501
1 502
1 503
1 504
1 505
1 506
1 507
1 508
1 509
1 510
1 511
1 512
1 513
1 514
1 515
1 516
1 517
1 518
1 519
1 520
1 521
1 522
1 523
1 524
1 525
1 526
1 527
1 528
1 529
1 530
1 531
1 532
1 533
1 534
1 535
1 536
1 537
1 538
1 539
1 540
1 541
1 542
1 543
1 544
1 545
1 546
1 547
1 548
1 549
1 550
1 551
1 552
1 553
1 554
1 555
1 556
1 557
1 558
1 559
1 560
1 561
1 562
1 563
1 564
1 565
1 566
1 567
1 568
1 569
1 570
1 571
1 572
1 573
1 574
1 575
1 576
1 577
1 578
1 579
1 580
1 581
1 582
1 583
1 584
1 585
1 586
1 587
1 588
1 589
1 590
1 591
1 592
1 593
1 594
1 595
1 596
1 597
1 598
1 599
1 600
1 601
1 602
1 603
1 604
1 605
1 606
1 607
1 608
1 609
1 610
1 611
1 612
1 613
1 614
1 615
1 616
1 617
1 618
1 619
1 620
1 621
1 622
1 623
1 624
1 625
1 626
1 627
1 628
1 629
1 630
1 631
1 632
1 633
1 634
1 635
1 636
1 637
1 638
1 639
1 640
1 641
1 642
1 643
1 644
1 645
1 646
1 647
1 648
1 649
1 650
1 651
1 652
1 653
1 654
1 655
1 656
1 657
1 658
1 659
1 660
1 661
1 662
1 663
1 664
1 665
1 666
1 667
1 668
1 669
1 670
1 671
1 672
1 673
1 674
1 675
1 676
1 677
1 678
1 679
1 680
1 681
1 682
1 683
1 684
1 685
1 686
1 687
1 688
1 689
1 690
1 691
1 692
1 693
1 694
1 695
1 696
1 697
1 698
1 699
1 700
1 701
1 702
1 703
1 704
1 705
1 706
1 707
1 708
1 709
1 710
1 711
1 712
1 713
1 714
1 715
1 716
1 717
1 718
1 719
1 720
1 721
1 722
1 723
1 724
1 725
1 726
1 727
1 728
1 729
1 730
1 731
1 732
1 733
1 734
1 735
1 736
1 737
1 738
1 739
1 740
1 741
1 742
1 743
1 744
1 745
1 746
1 747
1 748
1 749
1 750
1 751
1 752
1 753
1 754
1 755
1 756
1 757
1 758
1 759
1 760
1 761
1 762
1 763
1 764
1 765
1 766
1 767
1 768
1 769
1 770
1 771
1 772
1 773
1 774
1 775
1 776
1 777
1 778
1 779
1 780
1 781
1 782
1 783
1 784
1 785
1 786
1 787
1 788
1 789
1 790
1 791
1 792
1 793
1 794
1 795
1 796
1 797
1 798
1 799
1 800
1 801
1 802
1 803
1 804
1 805
1 806
1 807
1 808
1 809
1 810
1 811
1 812
1 813
1 814
1 815
1 816
1 817
1 818
1 819
1 820
1 821
1 822
1 823
1 824
1 825
1 826
1 827
1 828
1 829
1 830
1 831
1 832
1 833
1 834
1 835
1 836
1 837
1 838
1 839
1 840
1 841
1 842
1 843
1 844
1 845
1 846
1 847
1 848
1 849
1 850
1 851
1 852
1 853
1 854
1 855
1 856
1 857
1 858
1 859
1 860
1 861
1 862
1 863
1 864
1 865
1 866
1 867
1 868
1 869
1 870
1 871
1 872
1 873
1 874
1 875
1 876
1 877
1 878
1 879
1 880
1 881
1 882
1 883
1 884
1 885
1 886
1 887
1 888
1 889
1 890
1 891
1 892
1 893
1 894
1 895
1 896
1 897
1 898
1 899
1 900
1 901
1 902
1 903
1 904
1 905
1 906
1 907
1 908
1 909
1 910
1 911
1 912
1 913
1 914
1 915
1 916
1 917
1 918
1 919
1 920
1 921
1 922
1 923
1 924
1 925
1 926
1 927
1 928
1 929
1 930
1 931
1 932
1 933
1 934
1 935
1 936
1 937
1 938
1 939
1 940
1 941
1 942
1 943
1 944
1 945
1 946
1 947
1 948
1 949
1 950
1 951
1 952
1 953
1 954
1 955
1 956
1 957
1 958
1 959
1 960
1 961
1 962
1 963
1 964
1 965
1 966
1 967
1 968
1 969
1 970
1 971
1 972
1 973
1 974
1 975
1 976
1 977
1 978
1 979
1 980
1 981
1 982
1 983
1 984
1 985
1 986
1 987
1 988
1 989
1 990
1 991
1 992
1 993
1 994
1 995
1 996
1 997
1 998
1 999
1 1000
