10000 10000
1247 7249
231 428
3229 106
6212 5046
7540 4760
324 7462
4525 4044
2736 1463
7001 2333
3045 6837
1158 2438
8174 7977
4050 1931
4511 7296
7143 5387
9813 8269
346 9619
3677 4860
383 7610
7167 4546
7427 6521
7217 1276
5328 8384
7168 3950
8405 3697
5502 3103
7887 5439
8109 5629
3147 664
9229 1915
627 1111
3363 4689
8134 2785
2468 5342
6003 9212
9248 2791
2334 3820
4048 2683
9862 4312
8839 2931
8415 2454
5114 6555
9483 5325
2928 9249
3930 9760
3066 3085
108 3616
6339 6764
1982 2959
5408 2034
8052 3853
363 6604
6172 801
1333 4382
8996 8900
5555 3060
1559 1086
1810 3898
5174 2081
6857 3464
2358 1235
3711 1249
2407 2724
7983 2759
7851 978
7784 559
1736 5285
3521 6136
7503 8625
4062 9994
6469 7555
3570 861
8497 3069
9127 1103
2757 3696
1118 2764
8611 8777
9281 2997
8548 1573
450 6607
2403 9709
6623 3585
7332 9176
9710 5608
7379 6206
7762 3231
9123 5985
6796 8270
8716 1233
3977 2824
3391 1484
109 9837
2998 2680
362 3476
4294 7707
6684 9110
6795 9116
4357 1013
3774 4065
8231 8908
1055 3704
6654 8677
8269 6521
8093 8046
1917 6868
5117 5376
5310 3630
9188 4563
6157 4074
872 6940
2784 2313
7258 9098
2149 6422
9456 2880
9637 8756
8056 3736
9675 5853
426 9393
6851 2789
5098 6617
6069 7507
9443 1789
8252 2670
7642 9558
914 7330
9167 1490
5802 547
3492 6056
3159 8348
4631 3440
7561 8023
5661 4701
9456 9840
6305 6850
7633 229
2927 7589
9408 7687
9294 1122
9610 3657
6943 9314
8258 1152
204 9213
6882 3386
236 2184
2347 356
3800 1044
3757 9792
6711 7520
6051 2995
6276 5984
3228 865
1772 2902
8296 5098
56 4881
2669 6360
9218 8543
2112 9370
9948 5700
5726 5017
5215 2212
9878 934
5291 654
841 2401
8120 7595
6956 2653
3313 7963
4112 116
5326 7124
8543 3626
3654 5042
3592 6044
4529 80
870 4329
1381 9130
9701 4852
1984 3462
8551 7215
1599 655
8338 3145
7934 2140
7458 4964
8820 2746
6394 7142
6892 9896
7697 8567
7507 7337
8647 128
1755 3115
2025 2081
4603 5223
4452 7332
1127 5469
8780 9586
2209 3239
386 6401
5763 7689
1499 2718
2577 7122
3514 2669
3461 218
1797 8971
1582 6701
8713 8069
8739 1370
9948 1997
5067 649
2980 984
5848 8828
1030 1910
59 4778
8249 4323
3168 625
9945 5542
6126 5144
4647 6611
3172 4507
9202 397
6990 7892
1104 1216
4137 940
7486 508
3480 7943
9521 6826
6202 1649
7397 395
5896 8931
7786 4601
5997 7936
7006 1989
6952 7601
4081 2371
385 1704
3086 1103
1628 9432
2044 1445
8325 6920
3098 8195
6887 8382
4962 5489
4961 4971
8746 6193
3341 3126
9955 6843
6843 1624
4275 1782
2322 6791
8739 4080
8664 8271
3372 8793
6698 7903
494 3402
7501 2782
3761 8394
8633 2516
2504 4366
1869 2663
3247 3270
4598 6129
4841 6228
9553 5866
428 8326
3750 4022
9953 4759
2135 7628
9253 8193
6374 3048
3943 5976
764 8489
9603 4647
4041 3946
8190 8676
7565 3014
776 861
5321 4549
2119 9040
9223 2320
458 6323
7987 1713
7929 7121
646 8645
2004 2872
8556 771
4457 5597
8461 2657
3594 9477
4119 2104
7574 7143
2340 6256
1787 2196
8111 8328
8930 1094
7779 7600
2147 1253
4889 6381
712 5651
8776 4562
2788 8335
6213 1139
1248 6546
1358 993
338 6514
8568 9521
3224 2554
4756 9412
8401 3884
5259 6083
5300 7343
1894 6162
2331 8581
6982 9079
7414 7338
4439 8690
2710 6592
9224 7422
8217 278
18 4267
5915 357
2860 6382
5645 6879
6859 4808
8274 6023
7025 5539
2672 2989
1588 8343
2382 3461
7063 9900
2763 3900
2772 5336
1195 7841
8034 4110
7764 7775
6904 8815
9035 6202
5348 147
5588 410
253 2927
6857 2471
846 6001
5705 1156
374 538
4415 8703
9224 3268
1358 503
8157 827
4210 8087
8151 8743
2034 7634
403 2595
335 2829
6849 8913
4060 3028
3618 4545
3181 9433
8335 5768
6591 2634
1054 7882
1219 7556
7652 6482
4616 9786
3623 9929
1243 8203
8450 750
6816 922
6021 9772
2672 5198
2260 9016
9302 3282
9299 2564
2597 6617
8444 3339
2247 5464
4298 3279
6535 1650
6994 3723
5364 6966
4565 1829
3996 1376
2266 7866
2595 9029
4260 4933
921 1717
1735 4187
1678 3918
383 2737
9439 9070
7181 3189
6517 3276
2877 7283
918 8258
2476 6168
6469 8257
7802 5466
312 50
4293 612
2402 3223
1318 3901
5228 6643
6479 1176
4495 6994
6020 5137
162 9829
5634 3425
639 3628
5620 6607
1342 4937
6670 8361
4221 6836
7877 4343
2057 1320
4268 2026
5035 7336
4190 7963
8057 7897
5122 2121
5713 5721
8888 1415
8839 5046
2764 4015
5794 4167
6110 2298
5983 6549
196 2367
1840 3105
5859 8054
4356 3591
2108 6634
7214 8757
2888 8668
1825 3860
86 8273
6577 8698
2304 6450
3267 8217
3747 9615
5678 2118
2311 587
9571 6161
9797 6779
3806 735
2166 5793
4454 9940
86 5366
1122 2492
2275 3029
3479 8828
4642 9223
8096 9959
676 1547
3921 6747
9914 3685
8645 6979
3941 7684
1295 5472
9668 7789
4984 1370
1288 3563
7338 7231
941 7462
8384 3885
3891 7458
1370 6987
6484 7438
1309 5638
1155 1613
1319 736
8964 2165
3113 975
5721 4076
7630 2415
9668 9517
1274 1151
7965 8861
309 5229
5996 3371
6750 7453
3667 1315
7854 7484
5560 2662
7902 1525
5407 1129
2397 7207
5646 4565
6244 1970
925 6709
8926 1182
2906 7713
8274 4195
3438 8887
3673 2859
2103 9353
4028 8446
4422 7010
4214 5044
7711 7509
374 1210
1158 6320
9852 1654
4439 1947
2607 1919
5491 6681
8262 2358
7881 9318
6592 7240
7095 3561
360 3428
8422 9148
4227 5365
575 8703
625 6215
7394 4729
4078 2858
2027 9858
3731 1789
4139 9450
5791 4512
8285 7051
759 1898
9479 647
6819 9941
7690 383
932 9492
1870 1241
1912 9666
7878 5386
50 7692
1765 9934
1699 4065
9960 1038
8128 6807
1036 5535
7371 4118
7296 116
1047 4850
4933 1100
8786 5754
1125 2718
5364 9159
4870 7247
8712 6862
5378 3994
7905 7098
6076 8899
1100 7334
2065 9572
4702 7258
7046 6932
5960 8000
904 3424
5908 6671
5754 5340
6970 5699
9509 4608
9635 7518
8441 2594
600 8306
7247 2444
9815 4490
3414 1498
8363 7276
8082 5711
1846 1815
2034 5046
1905 9137
2316 1177
2078 3672
4440 8268
8423 949
5710 7131
5400 1363
4199 4783
4526 5981
6104 7870
8088 418
9471 7190
8804 3787
9836 2441
3508 4956
663 8914
3488 7685
1329 7688
4186 771
7857 6971
2861 7433
5483 1826
3250 8839
7836 437
6609 2115
176 5560
7726 5330
945 1704
9909 9973
4458 2598
9843 5805
245 11
5809 3380
8611 4118
193 1902
3817 2971
2352 224
6866 3789
6544 3400
1629 6497
1706 9147
9370 9473
6264 201
9511 5532
7220 5565
5106 1352
1371 6069
8265 2460
4194 7736
4866 1016
2356 8477
1294 9398
8459 7412
706 9224
182 6447
9616 8336
8217 8779
1293 5096
7425 6930
1646 7858
8794 5184
378 4683
5875 8712
9705 5563
5159 2016
7820 9108
8162 1840
3429 4582
8110 9545
2483 5267
6997 2838
2836 7748
222 2717
6632 7115
6130 8533
2560 2489
2719 4539
896 8376
9835 5671
7991 1147
9336 4577
1581 561
2702 3709
5834 9473
8228 1522
4098 5114
7125 2544
4651 9641
4288 7259
8469 5225
6769 5644
5953 5529
3847 7852
3252 7702
4228 6335
9337 4044
7568 9244
9914 4762
348 8523
5619 5659
1632 9576
1036 4658
7074 3684
5341 4674
3706 4324
7821 5648
9777 9250
3212 8304
7141 7392
2197 5694
2029 4601
1589 5604
4028 2613
5201 7537
7177 1147
4671 8350
8241 9485
4427 5818
9850 7744
9488 849
2557 8021
7647 8594
1328 8132
7846 3117
2166 1958
5334 7931
4510 8777
7321 8125
1141 5998
6231 1175
2017 9127
1259 5367
4947 8287
5821 753
6433 7292
1170 5320
5972 9276
1980 7520
2997 1163
3790 9395
6042 5112
4684 4116
3424 6276
7343 9832
2929 6306
8603 5374
4853 1685
7755 5716
2937 2345
3462 6191
1228 5589
3387 5316
2111 1604
1406 3639
9409 1163
742 9328
5757 4487
3923 8982
2538 3542
1944 3998
1316 3910
8658 5661
4147 7172
6651 709
9568 4214
7499 2843
3848 1621
2791 1782
9882 7681
5910 1783
7080 2421
8423 1072
5363 2078
6151 4808
7267 2586
672 4249
5195 2128
9102 4964
3332 826
1432 6089
1141 1804
1295 7047
2356 6901
6791 5630
6517 3324
2630 2109
4585 9872
2516 2907
1611 2382
9390 5548
5243 1734
813 5688
3033 9390
5389 9152
9088 8736
6677 7235
2060 5501
8216 8115
240 5870
4058 648
2982 3442
1009 6015
9526 3873
698 7177
6355 7050
4663 3181
2156 7523
3824 4021
1560 2060
7486 7483
2145 4541
2581 2719
3873 3066
2916 8870
9049 1121
2049 2654
7439 2979
3352 4716
392 4490
3187 3167
7542 131
8486 4507
8100 8850
3753 8470
9514 3584
4248 5930
8952 2802
3299 8073
2640 4627
5937 8835
8136 8534
2602 5883
4895 2365
8358 3873
7241 6630
6664 7445
6974 1895
1 2153
3914 5551
5941 2966
1234 9923
2295 7549
9863 9389
5913 2192
8078 2520
5579 6330
8987 1861
7302 9977
8167 458
8674 6475
321 2093
8944 488
86 3457
4698 4292
4330 9979
2205 6235
4278 7437
6532 1601
8054 3997
5919 5741
3777 1148
9903 7809
8253 6211
9529 2007
3790 8431
1766 6986
8971 7931
4443 4457
6946 2131
614 7183
9722 2762
1151 2035
8007 738
3199 4830
2461 4377
4572 6472
2502 4904
4085 2150
9171 3778
6057 1843
6258 3442
1874 1702
4849 9973
3313 1105
4481 8995
3467 839
6833 7078
4525 6886
7569 1784
2046 802
7693 4819
6685 8362
9246 7884
6639 4269
6540 6146
4061 6581
7501 5637
2957 935
1465 7490
5880 4047
6327 2619
7701 153
1590 1078
2311 9991
2227 8342
6772 3415
5408 595
3409 5372
1118 3577
6030 3664
5969 1984
4518 7678
3677 4453
8503 3301
6441 6317
2917 9732
5357 2560
6686 1242
8773 5795
2353 4561
3075 9516
5150 4966
4591 2961
6459 8063
9026 270
7161 9843
1585 7916
730 9683
2460 1120
8708 5892
5586 6506
6136 2443
7177 7104
1507 2744
7709 8130
5409 4469
925 6002
8412 868
1889 8947
7649 7117
6146 1828
1911 3024
7757 5244
1478 4397
4187 3912
7409 2852
3449 9440
797 4459
2709 8208
2858 9046
5963 3222
8317 6887
5536 3522
4422 8810
4259 9970
74 799
5713 6157
5806 1698
150 2573
1528 6507
17 4438
6665 643
6468 3610
3158 148
6103 6172
5667 9089
5759 1597
664 6319
2794 8338
2065 9605
3271 9601
1204 2058
488 7299
6702 9315
4086 4630
737 1432
6287 2479
5793 6227
2035 9958
2906 4366
3063 6439
2596 9870
7867 622
9737 1376
3421 2610
413 8990
8070 9206
9018 6622
5193 3324
2832 1622
1316 2093
3786 9563
4348 522
9621 2620
5862 6776
6711 4072
2144 1552
4922 156
6826 7770
8285 7314
9196 7363
4419 3220
4623 8277
4496 800
2434 356
4676 8531
9543 185
6465 4223
6535 6218
4951 2471
7688 8188
7712 7294
1293 5417
1078 2061
829 7211
3504 242
9672 8735
7915 3720
9066 9898
2997 1306
3874 3304
9579 5309
8574 1791
2498 8985
2427 7790
8563 1101
25 5790
4433 6531
866 6489
9044 1018
9280 3619
5540 7435
2332 9288
1975 7959
552 3482
4342 1180
4830 4617
2734 9114
9768 3418
2694 5134
4975 4004
8665 6478
2676 4279
694 584
4140 7232
7914 5597
2529 3857
9370 6194
680 4372
3289 6141
5302 5367
9570 9366
6884 8142
9207 4963
1232 7372
3656 4612
6158 4472
3334 554
3690 7867
969 4279
7647 3678
1431 4525
7370 5180
5960 6299
4336 6545
5945 3164
2866 1572
2463 4681
7265 5527
7669 3782
9213 2887
8298 7836
9972 1010
4048 7904
3985 9900
2531 3606
3750 985
1119 9665
9648 8734
8557 3791
3229 3474
5854 4068
7427 98
8265 854
8802 4159
5806 1172
8421 819
603 6888
973 4322
9028 2165
1432 7014
921 5169
5018 2070
1884 2269
6980 5540
4771 2943
2084 5784
9430 60
6873 4182
580 1244
3761 4038
7590 5158
7975 9944
2071 5839
8587 7098
9353 8307
1437 6921
1635 280
489 803
6629 4683
9739 7138
2438 7223
5953 9393
4908 1685
221 3430
7439 7383
2344 1316
109 4089
3228 7972
9702 915
7979 1493
8131 7510
2658 2936
8625 1459
1949 9438
6561 9853
934 634
1104 3095
4312 7473
222 2215
8815 5153
3183 5049
1162 658
1154 4683
1000 9826
7120 3447
103 3826
1043 8133
3706 1162
4895 1315
4998 3915
8061 7199
636 8968
8285 1189
1384 4246
7239 8533
8629 2616
9497 9711
4786 6367
7532 6087
6955 469
3695 5475
3329 4182
1155 6688
8013 3004
6612 6047
5765 9513
7604 7985
7884 695
3174 8155
8339 2026
9507 3873
7613 1084
2894 6429
3662 8557
222 1285
3608 697
9285 9286
201 9672
8731 2703
2792 8518
8901 4277
3675 4949
8673 5585
1039 5134
6021 3363
1097 2500
8424 7490
716 3379
7736 139
5737 5987
9362 9906
6403 5507
988 467
8034 6873
48 7209
9265 135
6911 4801
2833 4674
5962 3794
3913 840
487 8462
6891 9965
1484 5292
7654 1707
2072 5029
3720 8521
3524 3424
3268 9435
2239 3674
6317 5498
5716 848
2198 5729
5507 9535
4576 789
690 5880
7114 8857
8978 3344
7760 8154
2826 5438
1222 2124
6234 3886
2228 2009
474 5015
1707 4973
2170 317
5289 5700
6884 8926
52 7854
2219 9466
7386 403
5285 8216
8353 9191
7261 6185
261 8809
3805 5994
4606 6104
4885 4815
5837 8114
9662 5561
5138 4735
449 368
1038 6286
2156 5242
6034 3066
9193 4130
3514 8560
1835 6446
3186 8661
8153 6044
7893 2508
6566 3623
3256 428
6071 1701
4272 7458
8124 3319
2572 633
1190 449
409 2619
171 3039
6383 5884
4055 964
5744 6901
1302 2777
262 6300
2065 5298
3751 7068
365 7717
6728 3954
9057 2427
4777 2960
2734 7575
6355 2680
6583 3775
340 4841
4916 3923
1800 9701
7563 5193
1869 8692
1949 3637
7112 1226
2437 7387
7565 4258
3021 849
5433 558
8229 1341
239 491
4958 2328
3066 3304
3499 1394
6578 1986
8732 8707
37 2181
7054 3031
1192 5559
2864 9372
5381 9202
3656 3626
5054 2744
2901 9046
5377 7434
852 503
3150 6119
5453 3496
8072 856
5730 4994
7449 4111
3144 7439
1327 6038
2733 1789
3735 6687
9816 1559
930 3387
1260 1397
1609 4477
9722 7587
327 5867
7084 6714
197 1176
7359 1767
4591 7012
8195 4583
7209 5190
8380 1426
705 7539
5523 5144
558 4902
1977 2323
9503 9247
8328 8468
3520 1087
3874 6441
9392 4954
7422 4977
5057 8971
5886 9609
723 3887
8033 3509
7240 1074
3210 3623
4236 3347
5056 6225
6684 5652
8235 9004
3873 3410
5238 4115
9365 6381
2439 2862
2496 7114
4826 9763
3000 4156
6922 9180
7009 5786
2673 1169
9412 5215
5381 4290
7586 4357
6554 458
7310 9103
9072 9807
3959 9295
8561 6253
2099 2506
9815 9049
2654 4023
9796 3979
9824 9404
3824 6447
2073 2182
5888 8657
739 9677
7864 3125
4814 7773
91 5926
9633 4190
2213 1861
450 9250
521 4696
9323 1145
6334 6023
2091 9986
4846 1310
1499 5789
5736 5307
3510 7397
6539 8474
6600 2421
5534 7226
5584 3847
3620 7196
6737 3702
2805 6903
3012 2684
7129 6511
3738 2087
5677 4609
7444 5845
8672 1380
732 2943
8298 8577
2954 5014
3776 9504
4873 5907
2794 5069
2266 1589
2507 3627
8475 3731
3196 4778
1286 9075
797 2519
4200 8085
6776 5917
5146 8933
1438 8182
544 1960
9259 2167
9382 9547
3149 4434
4194 1747
7693 7417
3778 8204
5391 1521
8998 8226
2572 755
6688 8168
8829 9929
9255 6409
4961 645
1399 6835
9411 3281
1801 7034
413 4839
9496 5109
3721 3927
2385 9446
57 9072
5900 6667
1654 9375
4026 6447
4599 8439
6889 1743
1175 8010
5374 9106
9322 4831
3664 6625
482 3686
8990 7703
324 8883
5383 3598
4530 7706
5636 9286
5994 1077
1838 2332
7133 1060
4183 1052
8032 2597
7985 4948
6984 9237
9922 4825
5100 2578
3879 8997
3017 8630
8547 4507
564 9766
5609 8592
1667 3319
9490 9649
1879 4010
7669 7045
8767 2548
5565 4594
4609 7672
7704 5536
264 2515
1004 3321
4291 3053
9369 1213
7881 6100
3909 3435
9537 8729
5171 5738
8625 2745
8618 8430
6219 649
6722 5520
7254 3781
2061 8694
8275 2485
7950 4241
734 2916
800 7775
20 7137
8979 5272
2014 4260
4433 4746
6650 6942
4299 2841
6801 1809
7390 1239
9222 1005
3559 5503
5910 1736
9724 214
5271 4211
1837 8887
2712 99
5366 3677
9496 548
460 173
2192 5834
4204 9473
3297 6159
6659 3859
5490 5433
2445 8992
9476 138
9614 3894
2678 2235
6682 7664
5029 5189
7807 9025
2310 6829
8406 4008
2217 1175
8767 6366
5687 1946
8175 8807
9352 2676
3766 689
9713 9148
4971 5758
1380 8280
625 3291
4093 5212
3468 2679
1033 5389
7942 4785
5890 1734
1552 1275
2032 8745
5648 5240
8849 7061
5952 8674
4629 9026
3769 713
8720 8602
4546 9034
6070 6597
6637 3599
7591 5296
9357 2718
3012 2060
1159 5856
6007 6069
5190 8290
4726 3967
367 3027
9315 9329
5499 390
1265 6514
6669 6705
1732 1754
9490 6823
6891 129
8585 5459
2161 1317
6834 2294
1692 857
5124 8888
9416 312
9713 9139
531 8133
3120 9797
4026 5059
4963 1053
2157 6263
9943 3768
6068 6642
6651 3512
1202 9811
6019 303
4204 3735
3127 4009
7214 120
924 817
7414 9494
1568 922
3726 2519
503 6492
247 7693
4650 5832
9811 4843
858 6526
1576 7426
7651 2784
3224 9678
7575 5985
1404 3433
5129 3210
3644 6806
7770 3387
5222 1940
4162 5540
254 6766
6135 9986
3214 4029
3406 8705
7794 9074
4121 9572
8908 2833
7123 3006
6719 6782
7508 9841
1720 6228
4301 432
1935 3713
4765 3663
964 3481
7582 195
9905 4264
5941 15
9846 8624
2590 5139
2679 357
2746 7827
6695 4151
4241 851
6188 8719
8337 6534
5183 7884
2518 3171
9967 5629
9152 5845
2633 406
8536 3133
5664 522
5923 8725
3030 8135
8896 8426
1544 5292
8037 9877
3842 4673
4797 9739
4450 7503
9701 2868
4005 6166
8508 2905
3504 4559
3879 1132
3614 369
6024 9003
7034 6039
5151 9994
9137 2467
2397 7662
7899 2100
2639 130
885 1767
9531 7776
4001 3955
2234 9969
5597 380
7197 3262
7129 6490
2817 380
5421 2514
4876 7856
9598 2628
9261 8558
9795 3479
2016 8603
3191 7227
5975 6197
4161 63
7455 4177
4665 5826
9213 7095
9718 1382
1160 1813
4077 6776
6963 8157
5195 1847
9111 968
5234 7357
4982 4056
2937 8406
7342 7063
3267 8318
8859 7186
5564 8697
7746 2380
7966 5873
2576 8263
7415 7313
4497 9518
1151 2754
9203 855
9249 3243
3630 61
6624 327
5697 89
9102 163
470 7826
3670 9392
5513 5705
4305 1001
8903 9542
8715 2198
5237 7536
6818 7560
7046 8237
4276 5868
3798 3162
6079 9297
9470 927
8342 5683
5577 5129
2163 3071
5769 3593
189 9491
1406 6964
6209 8932
4726 4618
7569 1641
7344 69
8087 1587
4283 6232
9215 7445
7488 2220
4370 6614
7558 5764
3596 3092
2019 78
3212 4413
3957 2150
5234 8257
3702 5844
4692 2286
6368 4411
8507 1333
9183 3576
1989 2498
5506 613
92 5556
9555 2508
816 4877
9197 8458
2007 3143
3322 2443
3581 7235
8461 5542
4224 2324
3726 1039
7707 7036
4611 2540
5159 2608
8139 5542
1748 4308
729 4983
9106 6196
3046 5601
2142 4905
8479 3201
5060 9829
4426 5767
6051 2039
7026 122
1582 896
10000 3743
7074 6541
2647 623
4845 272
3111 561
8416 9849
5542 1992
9519 3132
606 742
6612 3035
5309 3524
2639 4200
7490 5410
8057 6195
6395 8046
7552 7962
5678 4750
270 2179
324 2598
5033 7299
8796 8634
8156 2643
4734 2048
3034 6773
4511 8012
8824 392
1310 2809
7571 2832
4295 6461
2561 164
4479 2280
9306 5552
6935 8435
3256 2330
5261 2785
672 7108
4459 2710
6681 1948
3416 675
2927 3399
9317 2534
9500 6792
8763 8498
772 5184
3665 1651
4804 7410
9827 7508
9404 3825
3081 6341
1030 1769
3553 925
3549 3233
837 7162
2991 3818
5471 7160
5393 8375
7007 3733
5346 8961
634 3525
27 4077
7300 8756
8656 2623
376 2276
5727 8579
2156 3695
2113 7537
9627 9765
7353 9919
9203 853
6988 4299
960 3886
5555 9166
3584 4250
9405 6719
3596 7804
7528 8019
3671 3986
9525 8558
2000 3113
9102 1326
6937 8724
8850 3033
8876 9082
7945 347
5595 5920
4992 573
1608 9851
2515 3048
1799 1844
2759 3893
9183 4460
5423 2140
47 3328
116 2050
1961 7289
6817 4829
585 7858
4338 6275
6799 1704
8489 5261
6618 1240
7546 1192
6920 2567
7384 9868
4812 2653
3056 3655
3460 3525
1763 8537
584 9193
3103 9272
571 8175
9343 1176
8246 1810
4549 6229
5161 1380
8208 8864
1418 231
6999 314
322 3944
5129 6293
9923 1907
1245 6176
5911 2385
3468 6098
4483 9728
8669 1455
9284 5962
8441 4289
34 9687
1598 8644
5331 1665
1730 5927
4928 5521
5562 4324
9084 8664
7513 672
9562 9720
6125 9985
3517 1648
1130 1239
9717 9355
7384 7144
2684 6292
6891 6820
5795 7225
8453 8064
2992 731
9115 6747
682 1176
307 9205
7394 7327
9938 5424
3434 6085
5767 8156
6949 4678
9790 7078
2738 6973
2774 9234
7933 2758
931 1911
2 509
14 9528
1074 2906
4476 7004
4004 6922
2156 9760
1778 1528
4753 1238
2408 8797
3242 8383
5169 7063
5139 3021
8536 6854
2765 620
9660 3434
401 6033
5503 4476
7089 8720
2067 2618
6397 7829
3470 1158
4143 3387
2508 8942
6726 1449
7817 7978
3345 9591
9659 822
9546 4159
5735 5143
5185 2882
2106 1953
5396 1313
4133 8028
7144 7544
7606 1505
5613 135
7060 8776
1815 498
4098 2387
1842 2350
265 1953
3807 6121
6506 3402
2281 9051
693 8306
4839 9124
9379 7620
3614 6275
1438 8267
7755 7809
9395 3892
4804 2402
3592 4773
175 6682
1379 5694
4282 7540
4088 1145
1721 324
2071 9785
9488 5822
9509 9508
9194 5831
5034 2035
4800 6278
2216 2270
7344 5262
7108 8844
4210 1761
2889 7940
4386 9591
8249 7860
3179 6617
1200 7175
471 3978
3198 6887
6341 6068
4374 8431
6405 8064
7866 6254
1495 5941
7192 6245
3804 3294
1460 1431
2693 5261
4415 6736
6302 1185
7558 9746
2369 4546
5107 7164
3670 4479
1902 4001
5786 9149
7503 2539
5151 5190
5345 9014
3839 7930
5701 5905
6967 7309
4070 6910
3200 977
3862 4831
8459 5389
4822 5353
8432 1643
4346 3374
3403 8455
3936 8056
4129 3023
8062 5102
1886 4514
2512 73
8787 4712
1133 6097
4933 4729
4084 8225
9626 1369
5117 7746
3567 4356
4210 4300
9731 5110
2952 4698
9732 914
540 5277
9325 3520
4485 1679
2573 8807
4230 4971
3641 2026
8446 8260
2686 3055
8839 1832
4230 5001
3008 8201
9403 5716
6354 4002
4891 2205
8307 8260
789 3599
9157 7909
4300 1288
6861 7877
8464 7467
2692 1338
9550 2438
2894 8835
156 6166
2727 4751
4053 3635
329 3911
6758 2670
6463 7457
3026 8904
8452 5652
2621 3828
3128 7573
7864 320
1725 2982
9770 7274
2896 9235
2601 2179
7819 2426
4401 4125
1513 3173
6863 4406
2097 3604
4588 1734
2659 9913
4512 5145
7902 2844
6304 378
1645 4308
6296 6098
516 8877
9850 7708
9776 8355
3251 8707
5947 6007
7503 3716
3724 7917
3047 1492
9117 6312
3263 4086
8386 1936
896 3358
2677 5370
6096 8827
8411 687
8721 5786
8358 1008
8291 5720
620 2111
474 7550
8859 8408
5645 3372
7811 7100
409 621
4616 826
3404 5820
8168 1547
9948 7100
4940 895
900 8026
4075 2185
2304 6314
4264 2039
817 2754
932 7289
7674 8222
1192 3649
9131 7098
5263 2071
1217 4975
1537 3237
9258 3096
2561 1070
5768 88
7253 2328
3370 677
819 832
458 4800
6025 4852
1415 6674
5908 9256
5443 1640
9216 4583
9701 2513
4371 9380
391 4957
4273 760
3390 4580
8767 488
961 1855
7610 2275
7853 5539
178 2862
8892 8282
1000 9800
267 8656
1096 6747
5802 3623
8021 2262
8400 1121
7355 3189
7777 7691
3041 1956
9145 7320
3055 2376
7833 7977
6943 1949
1197 8238
2196 2959
8565 2769
5608 9829
7621 9285
9387 5508
3207 4262
6741 4680
1580 9258
5752 9982
3751 1634
3630 7312
4686 9041
4964 3240
3914 7179
6018 6251
5612 8813
3275 8992
4599 1069
5479 6573
9446 9623
2232 6977
7204 4373
9341 8214
8317 4704
7016 6979
4367 5654
9368 7427
8394 4340
8814 796
8846 4580
510 1939
4809 1301
8426 5175
5411 8144
6951 758
3502 5269
160 5985
7 6811
702 1427
254 2035
3006 1761
9646 5349
3916 3118
113 7845
2893 2350
2071 8691
2278 8138
9653 8432
4660 8007
9579 7013
5672 104
3513 2130
964 2686
6349 4317
3418 4763
3755 710
7895 4010
1414 2968
8820 2127
1208 9598
4832 2842
2966 1990
7189 9082
9575 5158
7043 3907
9103 789
5526 7997
5319 7133
7606 3156
6658 3648
5773 202
3777 791
5259 5474
4295 424
8018 7976
2071 4857
4288 7840
3255 9035
9332 8028
1835 2844
5355 3175
9250 727
841 6814
1711 3449
7405 453
1618 7966
5940 4874
9323 4254
3573 9132
1820 5832
637 6776
3755 6791
8790 7528
7218 3012
3016 2688
1522 2582
8764 520
6812 6239
2196 7333
46 5428
8657 6564
5802 4709
2252 3554
5577 8102
1059 5390
2426 5546
1405 2816
9220 1684
7542 3628
7292 3294
8148 7469
8581 5607
9249 2272
8362 7316
6142 5726
4441 6156
7913 6044
6466 9726
1711 3210
7816 8603
3919 3404
944 5045
3693 7731
329 4419
2546 7385
2378 4321
3612 5655
9716 6463
833 4438
3662 235
990 5905
1149 7024
3598 6351
6376 4634
2504 2118
94 8226
5743 883
3071 7601
1448 3721
5848 3940
8872 7232
708 9870
1122 7772
1328 8567
8491 9337
4660 7268
970 4165
902 4066
8270 5967
2137 1235
2793 4171
8262 948
5082 1564
1476 8854
1303 9062
4087 7081
8848 2559
5120 8471
2176 7418
5667 9299
5305 7915
387 7170
8508 4757
2786 6719
921 5050
8333 6952
1348 4994
1923 9836
9904 3908
6395 5963
2712 3862
734 4751
2736 9817
2126 8979
5667 9427
4645 8010
7797 6949
2486 8254
6052 4690
3516 5657
4898 4199
1064 6741
5189 4751
3252 3547
7041 1280
7584 6714
7047 1335
3288 1909
3563 8952
5538 1341
560 2655
7412 1071
4414 5589
3822 5985
1744 2839
5749 8028
5744 8242
77 6643
8239 1484
8801 7448
4352 151
6673 5769
1555 4520
7947 4766
3726 3343
4042 9888
2733 8688
6308 6170
3131 9924
3387 7302
2908 8514
3301 3972
3557 3864
3729 5994
8713 7099
8094 2399
8635 6728
110 4166
9416 2817
3797 6810
9343 9043
600 1387
4518 7075
3193 7044
1350 1411
4976 1741
2173 242
9081 6446
4558 3539
2419 2360
2690 9447
5448 1528
5464 7539
7486 5652
5297 344
645 6028
1782 5605
4481 3149
4577 3774
5512 3075
2369 8794
5203 3349
3072 8847
9247 4621
6639 3074
1649 6142
3786 4114
135 4343
6210 638
1686 6912
1146 5843
3779 2016
3896 428
1720 2405
5496 6537
1363 9388
9326 831
5131 1669
1399 1195
882 6916
6388 6771
7527 5888
6516 4008
7416 5781
7925 3531
6063 5537
194 1752
9836 1726
9873 8905
4588 5610
4880 6537
3899 7144
5927 9824
6199 9195
7775 151
8532 1846
216 6128
8528 2491
3608 870
1400 6071
1399 1486
912 9998
1251 1661
8399 5117
9739 4831
3973 7787
5860 239
8395 1589
4241 4522
1020 2931
601 6125
7323 1103
2778 7230
6711 8350
6453 7895
5459 3544
998 875
9151 9364
4251 4824
3660 7350
2529 5191
2435 75
4093 8499
3962 570
548 5829
2199 4456
3254 6994
6845 5125
2247 7018
5248 4809
1910 4292
9913 4938
902 8692
5542 5442
3081 3977
9680 3505
7982 8230
4045 8088
6558 1873
985 2234
6578 6049
3659 427
9644 6363
5437 6476
1788 3913
9194 8204
9056 6154
2428 450
3963 9231
9851 3561
2926 9238
8009 4579
891 3621
5910 9076
7606 5977
7024 2700
2309 5325
8884 3025
5957 5083
422 9383
3202 9530
8172 3520
7036 6679
941 8287
4636 351
3123 4989
1370 7802
1918 3484
8539 6161
6872 7134
144 1111
1224 6276
854 518
2857 7187
313 9184
1896 2063
8706 8125
4474 7485
2878 4344
1107 7844
240 7428
3137 8327
6591 1961
1081 4990
5117 756
8461 5374
5889 8388
6884 5279
974 9453
254 5825
9781 5021
4163 4456
6549 6461
579 8073
1312 2311
3555 4803
2929 7324
809 6523
271 5851
3380 9150
578 4830
4804 3842
6981 6010
5684 8813
7644 7896
1323 9245
1703 7800
8613 4884
3823 3057
4818 5564
867 3085
5964 3335
7282 9914
1505 9555
2780 6933
7520 9373
2905 6182
7109 9060
8739 1461
6550 5232
3939 439
2949 1001
2405 4936
7267 3083
9288 1121
2897 6825
5999 1866
6402 1888
3729 5111
8147 2588
8199 1290
6047 5186
7940 8437
5820 6304
240 7996
9081 2204
80 62
8882 2695
8073 6126
6957 4966
594 3694
7470 9539
1104 9756
7841 2785
3313 7668
2595 7548
9484 1927
769 418
8496 9394
8162 8660
6547 6569
5827 2461
4944 805
8015 292
7748 6254
9952 813
2807 7085
3831 4219
61 436
8714 2862
8573 122
5 7608
1927 5531
1218 72
1349 1608
2212 8605
2019 3080
3565 2709
8497 215
7966 2591
6614 1956
9664 5822
1421 3011
3565 5819
6092 7487
9900 1584
7644 9880
7888 5765
6626 4232
3397 6041
2223 6630
8056 6139
4932 6676
9454 9854
6629 5899
3824 5111
1115 4435
2466 8941
8990 3525
8669 7862
8509 7247
2846 3525
6979 8022
9629 7491
8812 2436
6731 2289
2685 1714
9057 8876
2073 8168
2416 7308
4883 255
5730 860
7392 4956
2193 9361
114 708
2089 7406
6738 9
4105 8588
2267 9460
3104 1359
3573 4633
8312 640
858 5317
383 7557
8682 2927
327 3306
9394 7575
9763 7448
8747 9222
3713 3252
6338 3409
5110 318
3853 5258
1936 6123
7432 1726
1449 6280
5753 1557
4622 7667
348 9946
7630 1300
448 2116
1078 3267
7001 9076
1033 3772
3003 1569
8376 6852
5786 379
535 9238
4136 4950
7081 871
9049 2955
4213 840
7450 3984
6095 1289
4636 873
6705 7614
8711 7187
3473 5054
6369 2377
3576 8983
1382 5919
9733 937
5450 5274
4080 9695
7101 2489
5875 9510
9930 9513
5487 6228
7857 4419
4588 2768
2685 4291
2200 2479
4475 5516
9516 1201
9919 2629
2855 5062
1956 5575
6313 209
9953 6249
1377 7593
1011 5412
7288 851
1898 6350
4172 6893
9459 967
9151 4397
5360 3036
7993 8038
9813 5733
2670 1477
3171 2132
976 8093
6271 9119
4271 4901
1779 117
7166 4684
7676 2376
2966 8300
5249 2221
7006 9030
7699 2712
4476 4491
4461 8354
171 4493
5402 1491
4766 1232
3975 451
7104 292
7188 4235
5086 6209
8262 6012
2256 6623
452 5122
6889 3814
3164 5005
6857 2178
657 6078
3644 9757
7459 1568
9896 513
4290 4663
9592 543
1306 6264
9682 980
7479 1940
5802 2409
1305 1299
4748 3121
9865 6181
4312 2191
1765 5577
5483 4062
1292 7414
2909 3311
6098 3511
3880 6711
7093 2922
6441 5465
5169 1673
2779 2638
3800 3970
1043 7446
461 6294
5289 2280
156 2458
1422 4021
9092 4040
3 7225
934 9295
6551 2558
4891 8913
5430 9679
1247 1336
7105 9330
5146 9332
7550 8116
2672 1724
5157 8869
5099 5627
6687 9691
7480 3024
191 720
7782 4413
9063 5371
4935 6416
7300 971
6264 2448
764 2665
4198 2930
6346 1391
8760 7529
2191 528
4451 3506
7161 3457
2407 2017
7219 7667
9904 4308
3960 5330
9680 8405
9558 7280
7403 3566
4263 1652
1832 3566
7117 2912
1621 3358
4595 3972
3086 4531
2257 134
4613 5419
9768 8532
8650 6270
6536 3514
5585 2256
900 8163
3180 9408
8440 5430
5755 5254
222 1363
5891 4689
6675 8857
6628 7207
8301 6681
6780 461
9062 5769
6818 7224
9160 2695
5341 7750
5618 5636
9380 8750
7476 1809
1157 9577
2700 3967
8335 8815
3860 3228
2790 1819
8921 4527
7047 7655
767 7786
6255 7657
7015 6914
7011 3312
5198 6149
9085 7602
9300 8116
915 641
6737 5010
6974 492
9173 2288
1602 9240
2194 6530
8718 486
551 5974
3376 9681
1311 6243
3082 1228
1608 4682
2302 9398
9217 9570
6172 1156
3846 6465
5210 583
379 6969
8909 6746
6498 8333
7586 6163
2237 1671
3078 7908
126 8790
9080 2625
4354 907
9790 5363
3577 7980
9683 1916
3057 6908
2660 3762
9127 9426
4643 443
2133 4747
3947 7186
5039 8803
5273 433
4005 7279
6075 8098
4109 6242
6142 9497
7171 7455
2217 4538
1529 6473
9638 5737
1968 7282
5037 2348
8610 9496
8978 8683
4693 6468
5802 2424
5897 5282
314 6265
7656 1177
7602 5943
4996 1014
1432 1703
8393 5302
1744 2493
972 1639
1484 425
3220 9327
2092 5755
3679 9938
2791 3213
5639 7222
9347 9915
4707 7317
9614 8401
6736 9745
9781 8071
5653 5976
9899 8991
6777 2921
8317 2377
6025 5902
3011 4787
9815 3336
6099 642
1797 8182
9862 9171
5516 3007
519 9118
3298 3393
8987 2528
4772 4525
6263 5829
3611 3345
696 2458
9768 4750
9665 3373
4577 6978
6537 914
6748 5440
550 1861
7219 8950
5019 9306
1919 3778
5463 1990
3320 9854
6715 5342
6799 8972
7313 2588
9565 8677
398 1914
6232 8373
6092 834
1971 1694
1106 2632
6791 8895
2975 1497
53 5709
8210 8024
6594 4073
4601 3131
9585 5834
3293 9792
6724 595
7942 2393
4339 8910
7626 4603
6625 626
459 6577
3249 2457
862 4384
6443 1514
8711 4984
4956 1283
2324 7099
5792 35
9814 3296
3015 1401
2418 326
6577 8097
5168 2525
7460 4950
121 1348
2830 3890
1019 4411
9120 8565
1016 1054
5798 2321
8776 7288
6852 384
8013 1541
6949 570
7944 9573
3873 3038
3403 1742
6123 8100
9438 6514
4886 9790
2089 2141
8406 8982
6269 7177
8992 4334
868 9537
5606 1606
3350 6499
7524 5785
2792 9545
1581 8829
8625 7068
3423 2607
8572 4894
1779 4748
9416 381
1244 2361
2847 2774
6917 5501
3325 7513
3614 96
1103 2333
4151 8146
4279 6646
6561 9419
8252 8233
7665 7278
3042 8030
7204 7264
6264 6769
4128 2115
6072 9539
646 964
4996 3859
7594 3471
4268 3370
6360 3131
5649 5406
2429 1386
4577 7275
5320 1435
7199 920
833 2232
440 7785
6808 2106
5312 1292
2150 6146
4762 3725
2540 1848
5772 4564
8156 7290
9389 4766
6598 1690
6900 6723
1785 3359
1583 3191
5641 7748
563 6833
9149 2112
4427 8400
9655 6166
634 2359
1126 5386
4825 3912
9388 9310
6447 3594
3398 82
7393 3468
9016 3979
8864 3197
9749 8026
1992 4702
5070 2727
8969 7469
1224 2083
3683 9177
2905 6467
5126 1884
9459 6668
1776 2138
1779 5404
7745 3952
8437 6422
9258 5883
84 4132
5100 4059
3631 2464
6233 2179
3254 211
1079 8874
1871 1022
9713 2812
2718 4118
4117 6785
9975 2710
8958 7767
2943 7118
3002 7341
2963 8700
3370 1082
8671 1882
8487 3579
3799 2431
7326 3393
9701 687
428 5520
1011 1279
7301 73
7574 1008
5965 9880
9923 7731
3814 5035
9935 8443
564 6015
6524 6198
357 4391
4123 3203
6173 8288
7970 5648
6058 3184
4140 7886
449 2537
5964 4675
624 2260
3825 3077
226 402
3041 465
3540 6968
3826 186
9528 2073
4962 2084
3731 2157
7851 7410
8244 790
9167 6603
9118 5859
1213 440
4309 3118
7502 4626
5585 4324
8998 1623
8699 8501
8234 2770
6964 2359
8027 952
8746 1760
6840 2195
8155 3896
7213 7172
5326 3743
3952 5751
4026 3232
3135 5128
3433 2247
6640 7085
4654 5024
7787 8004
5864 9525
1743 7789
1672 1173
2744 9758
3674 8476
6415 1444
4244 4774
1476 5734
4711 9649
1129 3012
7737 6994
295 4478
8802 3220
5987 8764
2906 2771
2683 3743
6400 8114
7577 7312
9830 2631
4305 7381
822 1910
4422 9398
5695 1484
190 176
168 5003
6098 1926
2432 7708
7173 3004
2407 9774
7439 8565
7578 5924
2376 2849
1324 4104
1576 3982
2229 5752
6403 6508
2263 2389
7694 9894
7490 3231
8009 2364
8257 2753
969 8087
5882 5931
5096 8222
3187 2156
4255 1567
2489 9309
7526 720
9336 9718
610 8774
7179 8367
3429 9603
4916 2751
4204 710
7660 4770
5494 9095
2195 5618
3925 1807
5563 9223
4140 7361
4080 2834
6730 2198
4258 9309
4145 2119
8238 110
9741 2771
7816 7001
7415 2592
884 940
6853 3464
7413 5034
2024 46
8581 1826
6159 3500
9289 9305
7649 5190
4608 5701
8259 1803
3595 9712
1441 1326
3883 378
1182 2807
8396 1131
5818 5327
4937 509
7989 4811
3979 3193
7064 8036
7606 599
7840 1910
35 1785
4705 9593
4139 7901
3895 7130
4366 2564
406 1982
1634 5433
3983 2183
5890 565
348 7687
8420 4168
3876 7121
9158 1144
4431 5473
4605 1601
1279 8434
6091 2900
7959 6050
4223 1719
1814 5574
6118 8965
5011 7226
1417 2602
2147 9455
6104 7535
9314 7404
1960 3570
9322 1510
8346 3940
7886 3606
814 3975
483 7854
7310 9591
2258 3737
5808 9142
7079 5745
1404 7625
6645 2106
7509 7404
8954 9324
4237 3548
9804 9530
567 892
4135 7836
3635 5198
168 9823
9988 4859
1426 2801
358 8030
5503 3648
4399 9745
9884 429
9481 6656
3062 3315
2052 8238
6860 4230
3133 510
3529 164
4431 5304
4520 699
4670 971
4049 3603
4606 7072
1699 561
7263 8944
5870 5822
8711 3689
7490 9259
520 5947
6603 3685
8954 1290
3090 258
6650 6353
83 5226
896 7475
7651 8846
190 5119
8411 1544
2020 3065
9038 8673
9263 8712
8540 7040
1032 9219
2115 6541
2447 920
2179 8221
8590 8516
1162 4063
3145 6531
4062 739
5616 8383
7733 2819
8478 8163
2816 1946
4645 1212
2811 8950
3642 4507
8880 3878
6993 3651
3402 894
9746 4633
7970 9940
5802 4253
1798 2518
6286 4525
8114 1579
3064 4441
9794 7702
4036 2422
6912 2310
5074 2865
8964 2775
430 3004
4742 838
6279 5418
9913 4067
7112 855
4695 5021
6977 606
2593 4426
4759 8366
9093 6289
3684 6183
4095 953
8987 3587
3870 5421
1976 7165
5935 577
3105 4039
715 3712
8814 1826
5546 2520
3655 1921
6729 5740
6921 8830
631 1863
9122 8406
5655 7228
5377 720
4920 3405
1946 3600
8913 3908
5598 6819
8217 674
5612 8993
4188 1230
503 1446
1093 457
4003 3500
4232 7086
5572 8025
943 3347
3142 7285
113 1422
4054 1913
6741 8455
8515 2070
9784 656
2247 2776
8390 2253
9658 4765
3208 1806
5380 9109
5574 5222
6262 6962
2790 5157
122 1823
3589 5075
6277 3181
7158 9878
132 5193
7548 5024
1306 594
8308 7186
2467 709
9277 4037
5797 2025
3621 925
3543 1081
7310 6271
3161 847
1318 5981
5500 306
8538 3359
2307 262
6434 2236
4770 5311
7848 9718
188 5666
3428 6652
3749 1115
8752 8590
5089 8077
131 8723
729 2340
8264 2948
638 4785
9155 3985
3442 2636
7096 9888
2566 5074
2977 7658
6028 6079
4927 1665
6008 5651
5068 7080
3950 643
8400 5859
5884 9242
3217 8231
3804 2277
8027 1226
9110 5652
5400 8870
4465 3593
4633 873
562 5994
2139 7363
8459 5019
5611 1159
7116 1251
5615 5462
1888 9509
3111 6350
7511 8484
9488 7259
9289 8097
5340 8599
5739 3533
8733 1339
9059 4659
7311 6037
2129 8791
9867 4353
7762 831
8183 1371
6602 9927
296 1362
2476 7795
810 4210
5791 1576
4888 1227
3493 9572
4370 3717
5537 7872
8381 209
9186 4082
182 8328
8202 5515
9324 5476
155 9636
9206 6860
2270 4900
9427 3852
648 2392
5682 589
3745 484
4954 6316
7422 2871
7557 9333
1754 2083
8485 4667
7312 7415
4 5535
1718 2814
3694 4082
8386 810
8534 3268
7546 9258
9365 9410
9925 6170
2137 5278
4919 8019
9511 3723
4323 715
3083 7995
8152 5232
8419 2808
267 8190
856 9703
2610 1418
1432 417
9619 7198
3496 7305
8150 1054
8007 198
9150 2642
2738 5161
4625 97
5065 5219
3890 7837
6308 6622
9803 1023
3479 8503
259 8058
3382 7999
2600 8949
8174 5435
6699 9411
6480 673
8670 2770
9045 6189
3155 512
5673 6551
3472 8544
6409 5785
9751 4214
9632 8646
6902 7987
5332 3720
5407 2237
9334 9715
9625 4481
8348 7667
4432 5868
2520 5306
75 9981
5872 4936
9377 3666
2528 8999
8535 682
5455 3605
159 4446
2425 3583
8935 5230
1935 2340
8430 1516
7422 5782
7037 3119
6612 3750
226 7081
9543 6138
8362 7210
630 2897
3689 5860
1284 9435
7436 6954
6288 6170
1332 6915
2473 9779
8723 7955
5471 2298
14 4971
1888 4604
4707 4996
1953 2219
6319 7147
3700 1182
8550 7052
2510 2691
9109 9111
5663 7427
8340 6719
9330 9670
8248 8799
1451 5627
4043 782
8914 9423
9100 8378
1130 6333
6254 5031
330 6681
9986 3055
1801 5583
6708 6529
2078 526
7095 7580
1988 1245
8981 2420
7229 1206
7371 8375
6241 9027
2277 8870
1989 6761
7775 5710
143 6730
7615 1628
2896 197
3707 6844
2130 2236
4094 364
696 425
760 7192
3332 7692
3284 3173
1369 3450
4962 3097
1963 6945
6461 1123
5354 9834
5007 2618
2704 7025
8358 8631
6117 64
7755 9442
595 3851
9868 9566
8617 8319
5465 6251
1939 3542
713 3047
9521 9716
3588 5943
2085 4264
2597 1187
1277 3630
6899 8534
2161 2683
1720 373
2 708
9189 3104
6889 4224
2368 3761
5548 1021
9239 5760
1805 6716
7571 1577
9043 982
6094 6961
5828 2920
3076 9002
6011 55
8762 5549
4061 5791
7497 168
9111 7156
5979 1329
3304 5273
5752 2543
2814 420
2446 115
9190 8395
686 9275
156 6429
9373 9232
9605 7645
1618 6586
9994 9679
1967 3587
6722 8875
3914 9279
6300 9755
9155 7971
479 59
303 8091
920 2053
9535 1630
7538 3603
74 6158
2147 5802
5429 5628
3888 38
4198 6986
5076 4735
1330 8942
7857 5019
6201 5112
8713 4638
2588 6176
5344 8789
2633 8684
1019 4213
4191 1505
2655 9984
2150 4991
7298 5076
3745 9724
3406 7078
3577 9329
7428 209
3607 4832
1553 8132
5726 1878
4532 8964
4354 3585
9847 4291
8230 9410
2019 8802
4190 373
4413 5132
4135 8375
4942 5175
3691 7
8196 1104
9927 3393
8338 6000
799 745
2369 8342
3934 6658
7615 5987
2255 5063
7801 3607
3905 5309
6792 775
2839 3005
6861 8409
1091 6623
2778 3651
4196 1017
4520 2245
8827 7538
9804 8443
9945 3445
353 5301
3890 2543
3135 2875
1236 8324
1999 6945
9508 4106
394 502
9384 9397
8734 2413
582 3308
4364 1194
7027 9181
2257 4141
5507 7227
4320 8963
1909 1353
8601 773
7002 5990
1243 9359
170 5259
6483 1164
5045 1971
942 6387
7271 1072
8333 724
3306 4159
573 8478
1890 5070
132 9655
3759 7200
2912 7625
5318 1849
7158 6636
5509 3414
3409 813
4499 6266
734 2193
9254 4432
2421 1066
9604 6513
378 9285
1533 7674
6109 9994
9786 5176
8485 9172
9563 9757
1923 3569
6893 1257
9636 4766
2598 9609
3541 2884
3549 6850
500 8182
4479 5527
4417 9081
2165 9037
6596 635
4469 4561
8941 206
2535 7893
983 5195
8290 921
6562 6899
1453 8788
6188 9430
9710 7249
5310 6120
9968 635
9642 5632
4285 2396
5536 7813
328 8732
2862 3837
9764 133
1577 8258
8126 3974
2991 4737
8911 2239
3839 4338
3663 4189
1768 7486
1695 4774
8555 6104
8956 284
6741 9850
843 6074
5376 6423
3739 1242
6205 8546
4881 9369
3996 2588
586 2569
7959 2978
3448 1938
6961 9608
6658 8708
640 5964
9777 4977
7089 7481
8796 9443
8953 9875
5013 8894
9162 6051
6328 8570
9961 8188
5382 7069
3970 5255
4066 6911
3208 3187
3201 8771
7762 2487
6444 5788
7206 7165
9632 6715
6895 5108
5982 7660
9814 4579
9078 5620
4065 5575
7175 6390
2665 2453
4636 8621
8484 7361
7668 9689
8578 5387
4159 7370
5399 6410
8235 4370
7288 9896
8729 9475
5185 5910
5995 1935
7084 2400
2610 2676
1844 6753
625 1818
8123 4122
7791 1448
6142 5137
7546 4451
480 1327
9919 6869
8042 9768
4476 5234
2834 9086
6130 9616
5101 7432
8482 6349
6262 6926
601 516
8870 8946
6042 9019
2004 8952
9629 2630
2861 6749
3234 1067
9208 6226
5515 6735
7260 9657
9500 642
4719 9277
4278 1237
2581 5922
4293 5726
7519 80
5394 8603
3594 1715
9817 9203
3882 4860
6086 6533
461 4186
8304 5005
5788 4986
8828 9663
5010 5744
925 3564
6852 1452
3543 1912
9251 7656
1609 6984
8699 5041
5155 5057
2745 118
7505 9105
8090 6714
2913 82
708 9083
301 1769
8057 4702
4282 5817
3403 4498
8886 1404
143 342
4163 60
1608 6980
7442 1944
9628 8422
705 3044
7741 7576
3825 2047
1435 2612
1816 5070
1251 8511
326 5155
8113 159
8145 4979
4500 2378
5613 6168
8184 2181
9489 3915
7208 3994
9809 5801
225 5981
7144 154
1566 356
7531 6744
8242 1405
9893 7962
1983 4268
4779 1592
1022 7638
2538 4386
5683 5705
6819 6115
4986 7238
162 5799
2013 2570
5514 9504
175 8189
3959 7154
9915 9801
2352 1952
3574 6907
1088 4561
3064 2581
5430 7271
396 7578
1614 2878
8251 8070
5753 6397
6390 7979
5420 334
8339 3008
623 3087
8135 8551
560 4185
1733 2712
4156 4271
6664 6887
7270 8213
9783 6698
7218 8231
1196 7921
7057 365
2909 9554
1847 2345
2288 1115
6491 3237
1308 1763
6359 4038
8262 9150
3107 3639
1088 4347
8325 8786
6517 9322
9885 9617
8443 831
160 3204
6679 9656
4256 9733
8365 398
6209 7288
9848 7850
3784 6864
7490 6668
6235 3130
9790 1958
5071 51
3832 3624
9641 3815
1237 9121
5405 9836
818 673
9442 5667
1900 7710
1678 8843
6624 3978
6430 4026
8716 8787
2247 3942
3970 5417
7873 1881
144 2514
2830 1560
283 7705
7459 6456
7832 9435
2454 4204
5477 2276
172 1333
315 9680
6142 7677
6665 7965
7798 6716
7920 3683
3331 436
4501 7693
1214 5571
8387 2987
1377 2724
5208 2629
3249 5775
2738 7861
3521 7598
1477 6432
6359 1775
5236 379
532 5383
1701 3490
2406 8704
6649 7278
2439 5239
7574 2170
2654 8807
7226 4996
8606 1059
4158 3262
5174 4081
7114 5578
7822 1032
9952 3462
8330 6577
5816 3322
7164 1116
3829 6672
2771 2362
914 6048
5749 5702
2649 2019
991 7545
8567 5846
1557 9630
5848 4805
1249 2686
7607 4446
8526 8050
6745 6566
5859 2354
9481 6402
5533 1868
2847 9492
1404 1609
5385 5034
1016 9982
3491 4620
400 8176
9722 4104
7460 2518
9708 169
2619 5620
5866 4644
4849 8484
6178 1280
7462 3203
5131 481
7124 1858
8472 5442
3460 8558
3791 3645
5412 8136
4660 208
1291 6526
9146 6393
2641 5490
1155 6811
2236 270
303 1241
2728 6988
9951 8043
9789 7964
784 5223
4058 9948
3004 5947
3183 6339
2092 5702
9743 7456
5723 3286
833 2339
2980 1000
2716 7516
888 7523
9210 7469
748 2324
2790 607
8354 922
9379 3653
9471 172
7311 7776
6969 1323
6248 5165
7137 6093
3566 8481
4556 2354
7607 2628
3892 9960
1610 9063
1514 250
9060 5513
9558 2281
7958 2244
8829 694
8271 8459
4359 4129
4597 9511
5017 4867
5523 8583
200 5169
8205 6335
2171 8866
1374 3985
5971 7483
5180 5066
6306 526
8876 3499
5663 2078
6359 2166
1675 2830
1100 4047
3499 3717
9195 6016
9503 7109
2153 8224
1350 3743
614 8265
3497 2383
2988 856
402 7296
7311 7579
6421 4625
1438 3134
1719 7391
9080 9522
8104 6306
9649 8850
1976 4933
8405 4435
1960 9536
3461 8553
9239 1845
2307 6432
2471 5706
6437 9743
6175 248
667 4801
9195 4036
2145 1959
8258 9279
3169 9392
5728 902
6981 9672
8099 2015
5837 2166
1330 2017
3885 5978
4136 2843
4911 376
2325 8122
8579 8297
6868 7817
20 9355
6912 1045
4861 3322
1714 4945
3404 6027
61 8790
4814 3962
2506 925
9152 2803
2666 8557
6835 7043
3932 6379
7065 2580
5061 8218
1626 2318
4771 5883
8200 5989
2655 9580
4941 2402
1756 7550
7265 3866
738 9305
8065 8633
1583 2144
4325 6384
4312 9131
4199 5043
5456 5953
8187 417
3890 2505
4890 9549
8739 1476
5983 2638
8584 8832
2527 183
9094 9964
2229 4770
3089 2872
3493 2526
5735 5967
443 1605
6405 2880
5368 2480
6387 3485
1714 5332
466 3342
9427 5335
4842 1229
5469 6728
7251 1588
5021 6262
3351 1076
4217 4692
2506 8933
151 6789
6751 570
7634 8455
3369 6625
2174 8333
1767 9313
1036 1155
1406 7091
9670 8788
8255 275
8833 4435
5647 1917
8788 6535
8087 6079
7680 7579
8796 2266
3446 4022
8094 8991
9637 4791
6199 7195
6865 7451
3410 1406
8848 4803
8674 4419
3442 7112
569 5209
191 1733
6387 5509
7627 5784
7773 1432
1779 7045
9009 2056
428 1579
1252 3955
6631 1761
9738 8098
7220 6705
4729 1499
2534 5576
3074 7200
4932 8602
8634 4770
137 3931
4946 1385
3953 6787
3905 7369
2940 8255
85 8252
3333 83
7712 95
192 6428
4143 8623
396 5052
5105 6915
8569 7902
1606 5715
4978 3667
9322 4046
965 2585
4572 3580
7275 4598
3661 6078
8778 1108
7692 4816
1036 4343
8961 4682
131 3715
7832 2981
7742 321
7868 846
7723 6380
262 8106
6765 2498
9498 5820
9525 5394
8950 9487
3910 3571
8368 4884
1149 4884
2342 7036
5171 2768
6962 6082
3987 9292
9467 9021
7858 1126
127 4796
630 3541
4669 538
2905 1523
9896 6975
6026 6421
8812 404
5866 2107
7269 5065
4798 129
3719 9673
9454 787
2578 9586
5487 2292
7679 7087
232 8639
8674 8615
4011 8902
5060 3841
6417 5051
6597 5134
4105 5976
7011 2076
1656 6731
245 3397
4769 6806
6406 3636
7211 8468
6651 8703
3664 2183
7885 2741
2168 5711
3370 6951
415 8990
2586 5494
7928 6572
4970 1445
9482 8906
5817 2448
4381 5920
3535 2514
5505 3740
5520 2964
5390 122
2482 4964
2817 7589
7102 3240
9661 7342
6693 3570
9132 5842
5397 1609
1889 153
851 2926
3435 2692
2233 8131
9241 8852
2150 3753
1620 4364
2890 1296
786 5280
2278 6153
4495 7629
4011 5717
1144 4945
708 782
7676 4017
2437 6023
364 5844
6056 603
437 2050
5975 4590
4207 6105
1275 996
5922 3596
2985 8682
606 4222
6392 9443
7973 2440
928 5821
4283 1682
1226 5686
5507 7274
1751 3028
9377 8346
9845 2713
5716 1756
5537 9870
8605 6388
6581 5187
7231 5888
6133 7509
8967 7111
3546 9157
2210 7162
3862 2426
9467 2302
7301 5174
667 3149
85 4508
4960 4327
8095 9961
5285 3635
433 8461
4430 2095
6909 9216
1680 4860
7559 6179
2693 2425
2730 8735
3190 2392
8855 8357
1446 8068
9493 8667
4804 3996
6836 2142
1764 8785
2532 4958
9256 4961
6650 3516
3508 8552
2691 4102
764 2261
8251 215
1178 6677
9511 7152
8587 5045
5387 537
4201 7338
1373 8811
8499 3276
9811 6450
6028 497
3870 3884
4438 315
8510 1004
2277 3036
78 30
6906 7126
739 7719
2721 1513
1106 9200
5285 1291
250 9904
8239 9136
3352 9377
6809 3116
1554 6129
1224 3283
5574 7342
5564 7850
5981 5294
9733 1247
3140 5823
420 879
657 8762
8928 738
355 2466
7774 8065
8744 2887
5551 6306
7264 5214
2853 3001
551 4018
4056 9060
3146 5139
741 8835
4229 8763
7854 1530
6765 7780
6849 6380
2671 4395
6863 7776
2759 2109
5794 9918
5479 1325
2151 9744
7481 7416
2351 870
1603 254
1879 2204
5851 8722
2047 3187
7715 4865
6168 4715
7266 7818
7723 6790
2584 5107
3406 3368
1283 7505
9620 2871
2404 562
7631 1878
444 5952
7555 9064
7072 1687
7252 666
9640 4120
6128 3387
6386 6748
9459 6739
890 1198
3523 8093
3282 2429
8606 7102
435 1358
3050 8968
4117 9902
9802 8853
3372 7181
1221 10
2324 3247
9265 3077
3116 4743
9448 5162
9722 6976
3108 8538
3927 4241
8035 7979
2438 5005
5056 1631
8570 1627
1448 3343
1569 7122
7874 8962
637 9552
3895 8529
6548 1323
6680 1556
1723 7585
6433 5435
3940 5502
1058 2176
2726 7865
9080 4061
2251 5325
1780 8124
496 7760
459 5423
1419 797
5179 3558
5154 1648
8370 2251
2355 9882
3944 7424
568 2158
2620 1992
9815 3137
3893 2550
1075 5336
3313 7492
8314 7640
9582 5887
1189 8627
8043 9483
620 1361
7445 7857
1552 4339
3848 7886
4892 1361
1471 1788
376 9564
432 4889
9428 2658
1539 807
2233 3257
545 9133
794 4649
2362 1584
9374 22
6467 1494
4054 5547
9728 1476
2744 8601
1503 575
851 3187
4290 6951
1086 3075
4553 7499
9442 5599
8284 8664
8684 544
7600 8178
5070 6861
5722 3589
1883 5539
6091 6611
6685 1947
7682 6506
6719 171
2091 3005
5808 3132
4637 7529
6174 1864
6681 1344
7630 9542
3410 4792
1738 6039
9150 9650
1413 3073
5193 9068
5844 922
1904 1186
9525 7978
7002 3985
2403 8472
7594 659
4238 4661
2239 7040
2110 7813
7443 2931
8628 8766
165 3056
1474 8038
2435 3621
1108 2376
9562 1417
3981 9586
8359 6080
5734 1040
660 8627
9206 5637
127 8160
8359 8442
1770 5267
3502 7510
2733 3989
9183 9212
3236 1971
2204 9320
1933 3341
9143 7244
2412 8923
551 7699
8377 1430
7418 7005
2103 3658
8869 6029
3222 81
2183 1844
9351 6571
5352 2877
3072 7422
4736 4735
5494 185
6187 7621
1854 7217
1742 3293
9930 3494
8517 7212
7370 4646
7704 4190
2879 7413
6411 2301
8233 9543
9269 1267
6 6829
5349 4981
7957 2339
3257 1964
3137 4053
8102 6552
6610 1470
3816 1782
1158 2845
9254 7493
9342 5813
2113 5357
6607 7404
1845 4768
8329 9313
1940 5596
7876 7077
4428 8721
3390 8398
3409 4574
5237 2091
3407 2245
6818 2545
8843 1492
4589 6848
5753 9746
4396 4676
1543 7444
1818 6865
1382 7023
7437 1008
8952 1583
6235 4986
9787 1104
3283 1649
458 1828
5891 426
9445 1617
4583 7250
1879 8216
6410 5549
7088 859
8973 4205
3973 4313
578 416
9375 4220
2885 5505
9710 5968
198 6868
831 4641
4734 1325
7341 2992
4254 3956
1295 5532
3271 9535
8884 2216
8695 450
3113 5162
8425 1255
3114 5528
235 6671
5196 8652
5699 967
2213 5755
3417 8207
5049 173
4889 1958
7884 4571
8200 1649
3467 1582
5394 7238
1980 9341
3198 9081
4455 263
2291 4712
8412 5666
5741 1051
1192 5774
5621 9805
1019 2970
8162 4730
4607 885
4924 4629
5391 9519
2874 825
6717 4200
3881 3929
6063 4121
5592 7840
7808 4070
4581 9384
4415 4190
3632 8249
1869 3460
9651 6430
2519 9768
4050 3144
6670 3062
7635 7989
1819 9676
9208 9014
3497 4026
9224 4897
5481 3593
7750 200
9222 1744
7797 8153
9183 5005
6762 8807
6246 7932
8285 2490
7013 5427
4927 775
4980 6990
8864 2634
9595 8077
4573 8669
5033 9079
7656 6619
6950 9950
4241 349
6122 6551
689 1915
3768 9180
5693 9811
9200 7363
339 3134
223 7967
9465 5828
9542 8300
4073 8089
4182 7955
6694 3793
1400 1265
8700 4500
8257 7517
2807 8746
6221 3013
8302 3628
6692 6153
686 2893
7804 3397
5639 680
876 2786
2178 960
8354 6251
8043 728
7675 8578
6194 269
624 8839
5228 4737
3795 9839
9260 6204
344 7320
3654 9689
3709 8022
2809 9110
8007 1115
9425 1853
7812 3197
6672 7480
6364 2074
4337 4568
3494 3582
5790 6044
6234 7491
7745 7923
5423 2853
7898 3324
5083 4867
6875 6738
7520 526
228 7915
7951 2827
9046 454
1567 8840
9734 148
2137 718
7911 6174
4655 5807
7928 9455
9678 8493
9381 6115
4442 4558
6852 6262
6352 6908
8410 3380
8068 2463
5363 3009
2078 1769
2024 6736
6231 4068
7052 2154
1786 7776
3335 4005
95 8676
1810 4918
5716 4610
4242 2660
9087 192
9372 7071
4291 8826
9270 2118
4341 2165
623 4014
9464 4167
7148 9155
9748 7245
169 4275
5154 9793
6006 5334
4381 3960
6765 1897
2217 7370
6988 1667
4683 7849
2245 3126
9355 5030
7634 6398
81 4206
421 6714
5414 90
1332 4468
6447 889
1797 7154
9303 7075
1194 2456
7294 8968
6428 969
5311 7540
7703 1139
8285 9185
4887 4043
706 8236
8501 7153
2480 178
3083 8353
8338 9235
9056 3696
7283 9272
2978 8939
3602 6420
2194 1691
1767 7790
1703 82
8182 7728
6799 5444
9702 8234
9645 3391
4591 8144
9048 428
7074 2997
4460 2273
6519 1223
5550 5091
8638 6278
6228 5307
1759 7883
5531 8758
206 8272
4485 2583
639 6814
4201 6658
7172 6521
4439 7101
9759 1636
8700 6172
2715 8172
6722 972
8799 4127
9125 6579
6065 5646
8456 3279
1151 4562
2556 9600
33 9380
7243 1232
5949 2438
2775 836
7330 1944
2920 1799
7179 1046
9894 6708
4666 2975
9683 2715
8171 1438
3347 2686
2138 2379
4455 1428
8549 4790
5191 8116
1162 9009
224 5954
1169 5055
6419 3180
4883 9072
7848 3182
8777 74
9438 6968
8182 903
3842 99
4384 4659
8642 3528
8494 5371
3742 1684
9090 7809
1545 9132
3622 7656
4161 348
9516 9435
4746 5639
8300 6725
475 8086
4078 2464
7721 7891
1147 5899
7424 837
7682 5212
5103 6841
9051 49
8835 9624
5482 8106
8670 3151
6362 4337
1063 6915
2999 1174
4411 2239
1951 2862
7985 7
8814 5368
7388 4684
7079 6825
5502 8037
5453 9420
1245 3269
6963 8340
5337 1603
4969 7240
6541 208
1150 5786
7606 2691
267 7894
7758 3902
1558 8875
6362 5859
667 842
475 4486
5469 3696
8693 9860
856 9191
6834 5128
2470 4898
1384 9550
4039 267
1366 8549
6107 8065
1476 8695
6338 9702
9233 6433
8650 1223
6395 384
4806 6464
4984 616
6318 9575
5715 157
3071 3563
882 5728
9294 7989
3681 7120
5723 885
626 4550
2972 2091
4006 2939
7243 4345
8723 4630
5757 6177
6585 3477
3130 4686
4212 147
6626 8719
4311 6646
8158 6606
4852 4506
6325 3115
3016 7876
5717 3554
5189 9729
7961 8791
4860 4971
8758 595
3066 7356
5662 2679
3138 728
8282 2361
5945 1367
494 1294
2694 5152
4653 1607
5726 2849
291 7269
2736 8390
4087 2305
8336 1605
136 8902
5787 824
8671 4085
9321 3704
3460 9931
8445 3097
9654 5933
8778 4677
423 8092
3408 1989
8890 8990
1468 6481
3140 846
9022 1271
2211 9471
2642 2722
8363 9236
2930 581
5421 4037
6617 3194
1348 7536
4180 2585
4727 4826
59 4314
7230 2794
4665 6829
5560 2539
1933 5053
531 5566
6707 472
3189 8678
9588 3058
2406 8024
267 2004
9412 8894
6104 987
6265 6524
5014 4763
9101 1402
3590 5527
6878 2121
1386 8131
604 8845
2584 7194
2804 920
6201 711
1283 8321
535 9244
7182 2222
634 4376
4771 6564
8790 9197
2111 2985
9542 474
3181 9631
1467 7054
9021 3771
6256 8950
8703 2259
1927 413
9964 8324
2305 2490
3138 9560
2561 7086
501 3813
4829 6219
108 1453
2994 4827
1400 1769
3494 7372
2666 9701
9627 4761
998 3492
1941 3825
5810 5597
4691 211
8243 810
676 4605
8189 456
845 1548
5939 4141
5985 6381
1327 9305
2596 9352
5433 6159
8588 7079
3505 1263
3687 768
8 5666
4666 2237
5526 526
8685 3701
1703 4399
6833 7218
8625 3856
8911 5116
3185 8982
785 9662
2821 1587
9181 4015
5661 9909
8816 8511
5779 7379
1910 2773
4566 852
7947 7194
5929 5462
5195 463
8294 6906
1992 8683
4226 7244
4338 941
9281 7875
1978 6396
3291 7791
4044 4819
2932 8439
1842 1287
2765 4133
3723 3450
8905 1359
5228 9339
986 6623
2087 4804
4964 3362
6342 7645
1145 4737
3197 220
163 7090
82 168
6327 9382
9500 8004
8767 5577
7744 7313
6459 4585
4905 9142
5928 3786
7896 8481
4377 866
5655 2117
5535 6111
2045 9748
6707 8919
1287 2439
4716 4807
6457 7952
8954 4465
9064 9949
5723 2785
1022 5128
3091 7336
7902 1423
416 962
7302 2805
7423 2823
1848 6492
6329 295
5657 6445
5681 3638
4540 3475
933 5460
9729 3158
5202 8074
7948 4519
6483 1453
7636 3242
4758 9908
7785 2737
8668 2824
3164 8375
6468 5203
8351 812
9144 1008
9096 900
267 6524
7944 6824
113 4229
8446 9877
6298 3404
3939 1423
7600 1311
4984 1792
3208 3858
7123 6723
6784 515
9151 2893
7169 9334
7458 3433
3580 7904
5833 2041
1065 5617
848 7934
9009 1155
9984 5487
7906 8308
7386 2239
3541 619
7592 6977
3817 6045
7310 4857
8505 7842
2614 6765
6372 4508
7253 8739
3638 3678
5712 6808
9811 3849
7145 2780
2830 3168
1372 7231
3256 2392
6024 2827
8458 4086
324 5296
9854 8902
4383 2339
309 4592
2133 1408
9486 6558
1152 4132
3369 3468
5594 6387
3633 307
7805 8226
4196 8253
1297 4797
8319 654
6341 1530
7585 9507
8541 3512
2367 5543
366 5212
7254 1864
1056 6342
7913 1922
1936 6081
9846 7547
6357 4077
8415 9994
2997 5937
7575 1406
1259 4508
3914 3280
9999 1500
9298 641
2540 8200
856 3752
5254 8877
9914 3438
6101 1902
9619 9126
7092 2839
3858 6452
3826 6009
4013 9653
5069 3037
2210 5759
3795 578
2076 9473
8237 9342
3956 7342
2789 444
8404 2891
7154 5090
3851 7732
3594 3554
8740 1882
7664 101
2184 4492
5369 4188
1262 1746
4849 8284
1684 7066
4911 3667
7205 5110
5585 7495
1136 9506
2433 823
1000 929
7249 2953
5320 8645
6694 9381
1480 409
8894 1917
1935 6154
7651 6408
1887 6457
4365 9208
5322 2477
3125 6625
8814 3139
2898 4776
2171 8191
7698 8552
2060 7352
4492 92
9845 4432
7547 3678
5281 5802
7116 6016
1237 3082
8648 9694
1780 6521
2755 1061
2324 19
7241 3377
4592 6409
4580 7046
2913 256
5960 3862
8873 3020
6357 7913
3636 6544
7605 7664
2488 5834
8211 7301
7144 6535
253 2955
8714 678
3341 7457
5860 169
5921 7480
5782 2035
2039 3650
4030 8553
6703 8385
9597 5002
1949 1539
2369 126
496 9238
6090 2031
6000 4424
8504 2369
2154 9120
5218 2670
679 6600
1664 7667
2644 9933
6504 6953
9175 1121
3721 8266
3627 6920
5349 7277
6107 8785
7642 2994
8269 397
8179 2792
4610 4459
7343 8677
5885 1726
9525 3126
9034 350
4754 2180
2235 8842
6130 5271
5864 8562
9892 4879
7251 1635
9402 2022
2869 265
1345 4001
1162 1936
6273 9633
1173 5395
5899 5789
7770 8213
3995 566
4707 9878
3736 3554
1403 376
9620 617
7067 6850
5374 6798
3832 6285
2640 6967
338 6280
4823 4022
240 4793
2330 9460
3021 4484
7224 3960
7488 3842
6553 7277
8714 358
2746 9207
1705 6387
6058 5461
5911 1344
5532 4635
8887 2848
8152 4155
6296 5076
3993 3539
1696 5734
4361 8877
6629 7743
845 1963
5757 4007
3422 1146
1541 2153
6682 6810
1516 5934
8509 8425
8169 2344
5955 6052
9989 5934
6642 7682
6953 7628
6819 6779
6858 8961
6018 6341
2871 5495
6920 9248
2626 7971
7953 7618
7939 7097
7313 4827
4806 9024
600 285
5099 6531
3528 1998
1368 9182
3857 6509
4855 7837
7781 880
2132 451
7648 5142
7057 5265
9051 2179
20 3924
4791 4883
9138 2648
707 979
8776 941
4316 8837
4539 7160
9395 615
7524 3341
3250 1066
9568 3955
4521 1172
3750 288
6605 3569
6556 8245
8378 4092
2061 3357
6192 8651
6800 5607
2456 2644
1463 8390
8239 4724
6048 391
3915 7015
4117 2549
4370 1562
8414 3432
9220 4663
5205 9548
7024 2955
1293 4874
6836 5634
3764 5088
9322 5509
9657 6413
6905 722
234 5128
7442 4153
1797 7517
3340 7855
6829 3053
4922 7582
4044 5505
451 5547
2359 8145
6307 3872
6888 1584
3059 2234
9752 812
7973 6422
8187 2792
3878 2918
3704 4636
833 8202
4304 2184
2620 3795
6456 6639
1489 6167
9918 5476
5986 2803
1155 8304
4433 9892
4356 3725
9581 2102
2632 3451
8654 1149
1921 4274
9704 5118
4039 8155
123 187
6681 3597
3052 8426
1645 5235
3192 8241
4879 4473
4020 3455
8604 2389
8802 1837
5452 7358
2161 396
1767 7032
7914 7570
2123 8675
4611 6052
302 4696
7910 2816
1882 8929
2626 947
178 6503
8863 5404
5774 7476
9624 4299
6428 9902
725 6853
6629 250
6518 1269
455 6412
8834 9667
6583 8630
6174 9956
2259 4034
7480 6242
6091 3163
5866 8709
3239 5420
7265 8805
7877 907
5419 4246
8895 4564
8262 4009
9100 2540
1250 3226
1973 5630
9618 3845
2401 1208
5542 7289
5312 9493
5109 4550
8589 710
7180 6804
4944 7870
3804 7596
61 3827
2683 7220
509 1054
6361 6884
1920 6174
3600 7518
5429 1908
9916 4779
5513 5731
5574 1643
6955 5917
4313 2850
6008 545
5797 2282
8877 4151
3996 85
1677 6161
2308 695
4452 6406
9917 429
3297 7170
1926 1592
9136 609
3169 6668
4228 5717
5918 2491
8112 6136
5114 6991
2171 8298
2678 4473
6475 9439
2238 9959
9742 5871
1477 7327
140 121
6095 9052
3856 4989
6016 1012
4305 719
1376 970
5120 7183
1098 4603
5723 1169
6304 880
3984 8546
8270 5651
2174 7054
543 6195
6502 8951
2313 6924
5869 7367
4815 4393
5852 8730
2548 762
7982 9599
1926 6167
5770 5855
3131 1183
3311 13
690 9534
4579 9096
5661 5360
4097 4998
2430 4321
3934 1199
4215 1491
2663 5438
8994 5682
7508 1669
7605 6276
461 3327
5694 6827
3307 4570
3086 9873
1143 2014
7991 8509
8198 8862
8235 3142
6360 5828
7166 470
2198 7605
7331 2432
4847 3054
8973 8227
1348 1894
7583 5687
4976 342
5186 2900
5051 6199
6273 6528
1359 7838
8577 3839
1249 9098
7841 2952
7590 4092
6403 7276
261 2218
7881 6155
1702 1474
3391 4495
5487 255
556 6478
2319 3962
4574 2643
8048 2954
8192 1799
6961 1041
5744 2659
6852 3659
9613 1293
8158 4897
3938 7811
446 406
2005 1008
5557 219
6327 8540
9832 1727
2040 1867
8978 6272
3180 6777
1135 1488
9015 225
1365 1634
5933 8839
3510 8566
789 7951
862 669
2254 2475
8982 2371
8170 5742
7398 3440
6652 4309
637 3282
6771 6889
6653 5344
5925 7245
1131 1998
9185 4435
6642 5315
1933 7704
4194 7493
2124 3464
9945 2890
5798 9995
7912 3038
5026 4670
1744 1568
866 7628
5453 2738
3878 4944
5269 5726
6999 2086
3734 8848
4985 115
3863 2342
528 4508
5639 2063
4817 4869
4118 1274
949 6932
8858 3569
2266 3843
2151 392
7132 3682
1727 6289
6978 6746
1260 2933
8508 6295
3354 9499
6653 8409
4419 5038
2662 490
5526 9609
9939 2933
8519 5239
3831 8843
9519 696
1564 2397
3844 8997
1194 8315
9023 2972
7638 8046
5309 996
1239 1993
1011 5635
7141 8108
2238 4381
1086 7869
6007 8440
630 9875
1669 7458
8388 1780
957 143
6093 2767
48 1947
2608 7175
2000 7030
5113 4103
1723 1179
278 978
7546 8320
8104 1532
237 651
2427 9512
9632 6523
1017 4263
9903 5077
7926 1290
7838 8458
4066 6804
9296 6585
2231 6221
2359 1256
2281 2713
9853 2277
783 274
5368 7233
2491 5144
9383 4867
9884 7336
7382 2751
9446 2440
3000 1274
9612 4110
1696 5035
8673 251
8698 9587
1079 8898
1260 9626
9849 2700
4432 4974
7154 7193
3784 9032
1160 2908
6173 9690
5984 8735
1956 5078
9382 1379
6720 8351
5294 9867
4715 7452
4188 4136
5532 2573
1451 1703
3215 2991
7067 1823
6126 9041
8504 9394
9571 8847
1728 3537
7034 6463
4687 7575
7937 910
9603 7164
6894 7212
2227 371
8846 1040
3362 5330
6170 5716
3736 529
5429 9314
6311 9239
5954 3303
2788 9224
6974 8990
2041 9044
5272 6133
724 2588
1942 307
4911 5348
4285 5248
2939 3702
9223 9332
6055 7633
8452 2399
4585 2214
6610 4754
8717 8883
5825 6675
2845 5918
3018 5408
8841 2307
3805 1355
2366 2528
7008 169
3576 1840
5531 1710
5369 121
2348 5234
6933 1258
7721 8555
2915 1125
283 9128
3312 4664
4748 9171
4438 4959
1540 7599
6526 4301
7970 8793
4433 475
4355 9035
2885 4693
3601 9941
3304 796
1352 4159
2196 3516
4669 2650
3747 3578
1578 1067
5763 3483
3794 6416
6721 5590
3361 2237
6351 3782
5795 7458
9207 6060
7336 8965
1017 4120
3333 4578
8365 4879
3907 4194
2184 8447
6587 2799
6236 464
3958 2468
3579 5385
5783 2724
8418 3560
7501 2273
6527 140
3127 1143
7303 467
3281 4116
6608 2909
2769 7988
6562 2942
1175 225
8132 3318
9365 3224
7516 4063
8485 8153
3194 3323
6793 585
6378 23
9758 5838
7083 2563
1503 4557
7153 3293
2550 8826
9020 1821
4399 1134
3382 2692
274 9371
252 2582
7695 3653
3506 9600
9302 949
4962 5846
5404 743
9290 2358
6647 1031
1229 6846
3063 6970
2244 457
1098 9165
1365 2953
2730 9956
29 7435
9009 5530
8381 6090
9075 223
3053 4127
3112 6346
7658 4880
1200 6806
9071 6238
3708 8389
3631 2431
6894 7182
4610 4562
8999 9523
2291 6500
9403 7388
1763 1558
7494 4174
8962 1916
2542 7730
7428 3437
6386 9434
304 2543
9138 3816
4923 9289
5257 5265
2899 6810
7157 5858
5013 3898
2932 9530
7962 7051
2742 680
535 4079
993 790
9833 1907
8472 9579
2780 976
5429 4642
3702 7600
9195 7766
6385 3242
957 7874
6516 3144
3875 2364
5189 1200
2320 5120
1540 6761
2697 5484
5096 5138
9083 2933
3573 5906
3874 2299
3349 9042
9370 122
6503 525
1114 8447
4815 6595
2487 3040
169 2093
9147 5611
5077 5453
1521 5442
6013 2378
8968 298
5506 930
7416 2245
9118 6650
363 7566
804 5334
5227 7804
1215 2401
6841 2280
3213 9409
6889 9293
1423 8826
2966 1727
8918 5468
7595 9998
8763 9671
1558 6176
312 4301
6295 7488
4281 2594
3123 2527
833 5829
1218 7622
3180 3011
9486 8686
4795 616
6511 436
244 8214
1337 376
1917 7558
1609 1763
4757 8759
890 4417
5768 5180
5202 626
4639 5360
3559 1149
2474 1542
5934 1102
5394 2416
9417 8522
5526 9602
9729 8607
4186 2053
1714 8772
4204 5795
709 2567
5252 5848
7494 8998
9431 716
7174 6057
7822 5566
8029 5059
2542 7101
1034 1834
4504 15
8706 5607
8046 8082
333 6964
5892 789
6627 1782
7909 8482
937 4802
8481 6551
6244 8068
1411 909
9597 9310
9507 3693
5881 4868
3549 7151
2074 5858
9212 6866
160 7371
6456 5857
1622 8091
6147 9507
1529 3296
7317 3393
8263 5439
7487 6593
8656 2238
3545 6596
3892 8838
4439 9313
4725 3063
2919 6797
5196 2086
855 4744
6117 7175
2348 5823
5177 6200
7356 2871
6580 6963
2547 1926
8575 2422
3183 6158
7744 7170
9506 8901
1594 2207
7997 5612
3744 6578
6261 5222
9957 6809
1719 9341
8137 8157
3032 2580
7939 9417
3845 2909
8879 7888
9431 5046
8822 3319
4002 5706
9873 7325
7532 9341
8825 148
6211 751
5837 1214
31 4510
824 8558
631 2038
583 8511
7809 9354
870 6045
3595 300
1017 7413
6102 9610
7628 2499
6948 1768
8237 5830
4574 7478
6029 4420
781 6254
5510 5476
9652 6595
666 8541
3769 6110
3084 7174
9534 6712
4417 259
80 4342
4437 6115
9728 3018
8085 6664
3719 7448
417 1778
9645 9479
8599 84
1648 8189
3189 6191
655 3279
1430 312
7904 7782
1703 7136
2515 9609
1131 9350
6872 6344
6990 2960
6960 6605
239 4827
3206 7150
2911 4766
4803 7224
8885 9155
499 821
4595 3697
3602 1261
7961 8401
1136 4101
7136 5707
810 8912
7142 7669
4487 9088
3269 9217
6374 3784
2089 9376
598 3152
5897 7372
2782 2211
1864 7058
999 1402
3192 1873
2949 6912
7545 3479
3236 9327
3169 9805
2226 4918
2156 9702
7722 9788
8398 6518
9782 8255
272 4131
6562 7729
5837 7
4591 3585
3860 4608
6321 3987
3351 3842
6822 5831
8695 1207
2215 1903
5249 7147
9470 340
1179 6844
676 8656
6823 9751
5928 1615
3528 8564
551 1631
1641 4500
9507 1293
5752 3941
8744 1654
9898 944
7487 8716
4105 9269
1333 6149
9 1600
6441 6515
5522 4420
3534 6358
877 6335
3352 4248
9201 7907
7985 9179
9391 2583
8773 6572
8962 9803
2063 2787
210 1679
6935 83
6979 7702
1950 7249
7015 6250
6172 8793
7686 7665
5741 5928
9918 9543
7903 9288
305 4254
6980 8317
7444 1380
1360 4453
2041 6333
1754 8410
5434 9499
6244 788
2974 2706
2639 2137
4090 6009
1442 825
2667 9219
9998 4779
415 7076
5597 9364
8016 6648
4100 5061
5534 5798
7611 1348
4950 177
8901 1465
1337 1646
7126 4205
4907 4744
849 7694
181 7563
8862 4044
3224 5389
468 9279
5332 4645
8776 7847
9040 853
190 7736
1864 808
1259 1757
4474 1406
8007 8253
9254 8495
2640 8626
1911 6462
3052 8026
9094 6394
6694 2425
1297 9256
9633 2629
5592 6793
6884 7798
6272 2304
8980 768
8894 3257
3528 6139
4934 8062
4023 7605
3299 7013
2662 5000
7227 2546
7887 1048
4737 2968
9163 1850
5756 5902
7465 6268
7246 1991
6832 8833
8550 5660
7480 303
7481 9029
883 5823
2701 2705
966 4126
1053 699
1976 9222
8970 447
7783 9890
19 6106
4577 384
5877 6852
7642 8194
6663 6010
4963 8881
8300 2889
8334 4586
7251 7693
8183 2831
3353 8884
9725 4250
4583 2915
765 2540
2312 8015
7674 6952
3534 1780
9372 6352
8344 6066
2077 4873
7520 6559
9235 8973
3908 1242
7949 5955
9261 6656
668 2117
4790 2760
7766 5391
6541 8536
4399 7881
5232 4753
2643 3047
6628 8788
9964 669
8289 6902
3571 2398
7909 7889
5999 8466
7022 1034
2764 7691
6270 5541
1348 6282
467 5245
4319 8908
8606 3754
3429 6008
9962 6509
5248 968
2481 2439
7825 4425
5915 5617
6200 5408
5555 398
8164 7169
2247 9050
3664 1434
4650 262
1514 8493
5408 2041
1639 5786
765 5206
4912 1905
7329 9298
2956 8197
1793 5912
4268 4265
6672 3751
9286 2434
6636 2689
3996 1540
6028 5220
7755 8771
9454 1799
9505 539
8430 9923
1108 3894
1287 3134
3143 8984
5650 2961
8643 474
5441 4875
9824 1034
3966 7324
5244 3722
5578 4524
8694 7297
7952 1665
3837 8299
4240 6587
595 4386
4013 5071
8379 1941
650 7814
9853 9603
7375 6942
3894 9203
935 3337
8502 7763
5202 4931
3987 9236
9651 9490
885 6649
6377 2144
5370 4344
8718 3489
8421 3167
4974 7413
9596 8037
1386 3190
3380 6764
4769 539
6844 2893
5243 46
7460 7869
9084 9384
6543 6324
782 8283
675 4024
9870 592
8092 5505
3091 8319
3080 1594
83 516
6635 6481
3197 6235
975 9580
5990 7516
9572 4515
3815 8076
8998 218
4763 6651
9161 4693
133 6972
6275 579
8796 6347
4052 7645
4954 984
1792 7678
1379 3673
5916 5639
8072 1598
9272 2531
9110 5000
4292 3415
1899 1284
7452 9820
4277 1064
7939 9404
3435 7603
9521 7377
2935 2128
9715 1253
714 7045
9681 3707
9303 3466
5688 213
2688 57
9815 6662
5328 3079
6095 2820
579 1629
3934 3256
7445 1188
9126 8693
5799 2457
935 8962
2516 652
7046 6079
199 164
4069 1098
1750 7396
4950 1727
7000 2679
3901 3629
4438 9162
8132 1875
9087 1694
4465 7398
4611 4644
422 236
5713 3484
1987 1435
105 7760
9135 5057
7448 9552
4703 5838
8735 1232
1622 7636
4310 2338
4311 2184
4976 4165
6646 5018
2654 7398
9621 4264
2027 6749
4869 3049
7494 3028
2053 7019
4469 6926
8909 4926
6713 4795
6336 9355
886 9614
5443 8081
6558 4002
4399 9267
2419 3551
1601 2834
6214 2744
2022 1880
5904 5680
2754 7879
2314 500
9512 4164
704 7668
2821 1378
4468 7305
2695 3355
9438 7716
607 2107
412 6604
7788 711
9347 1335
5798 9395
1822 1449
9845 8300
5475 3327
7223 4989
8690 1609
4287 732
931 5436
1843 6691
6825 5535
3786 653
4712 9283
9198 5019
167 1100
7427 1463
8270 3663
9602 6996
2264 9148
9202 9322
9340 6627
1620 6481
9979 1561
1959 2122
4186 5359
6569 2117
6135 1353
9948 3943
3723 3944
8110 493
4659 6066
4373 2954
9174 5852
3006 6888
6947 7853
3052 1563
5825 6367
6234 9769
7531 4896
2682 2046
2642 1903
9330 41
4114 2197
199 8394
3156 6563
2327 3099
3117 4196
7928 5460
7056 3023
9442 4191
1665 4342
7178 4317
4037 9592
1208 9707
100 8074
7033 9426
6633 9773
2945 42
8583 6891
6538 8828
3402 360
8411 515
4639 5362
5290 6270
8587 2747
7834 2379
7432 1279
2297 2430
4041 4749
1137 5628
8779 235
3869 8898
2613 1228
3613 1352
2802 9681
2327 7036
3876 7946
4488 9241
8668 2033
9145 31
2598 2650
873 9141
5157 4067
3893 5431
4668 9710
8869 7180
589 9160
6165 4396
1327 1270
3133 9655
1844 9564
1203 5791
1563 5155
7686 635
8978 4378
1390 3353
7400 9082
6464 7050
8456 6455
506 2741
4875 4759
4290 6313
9748 2452
4804 9780
817 644
350 8657
7262 5572
6675 8870
9712 1689
7000 6743
6457 5677
267 2637
2194 579
3322 2094
4310 595
4563 8719
5541 2480
7708 8673
6736 4405
3915 9971
4342 9378
6294 2586
9087 7733
181 2259
3723 7702
7234 4459
3901 3495
4222 908
911 2406
4975 7101
1827 7800
8537 7469
7413 4962
3840 3657
7306 8170
9901 5570
8560 4347
9012 2685
7849 6196
7345 1735
2980 6167
9815 2339
89 6238
4809 7524
7456 6117
4690 3407
623 5980
3910 8912
7371 8127
1662 9862
1834 1480
1856 4654
3191 9226
4910 2163
7560 2586
6638 9402
5656 8227
639 9587
4075 5775
7557 9648
1283 8017
1193 6452
5480 6373
6873 5103
5437 6240
9951 3577
4928 1944
4425 633
6556 6966
7859 8079
2781 7254
5187 7134
4286 618
7919 9618
7676 1439
1325 3385
8222 8731
9142 2538
6015 1104
4917 7404
948 8512
813 803
9936 6686
5367 6981
7882 1041
4940 4189
3235 8787
6083 5993
584 9499
8809 830
5593 9296
273 9966
1768 6846
1748 2538
8634 950
71 2158
3971 4255
7682 2873
1013 6255
9503 8970
2338 7815
1264 707
8468 5600
7303 638
2101 552
8154 2013
6000 8753
5965 4556
8625 9563
6787 1478
2542 8383
1966 3723
8730 334
7389 98
680 7312
5820 4398
9498 4780
4886 5173
7653 1899
2705 9155
6550 6757
8163 3061
6710 588
1294 4644
1357 241
8203 2294
2927 1963
9425 1382
5650 782
8523 5441
7355 4777
4451 3605
9324 4441
1396 5120
9945 9626
1339 2819
432 5193
6613 2747
1525 8734
2759 2859
7172 5126
1863 9108
1493 4244
8934 182
1471 450
8565 5428
3695 3583
8516 8643
7859 3985
4247 5262
4665 6596
3692 1819
3887 976
3740 2242
6186 4905
4128 9625
4540 4208
9919 1185
1413 5273
5203 917
6715 481
6271 8563
2662 5646
6918 5697
2066 6234
293 9878
2422 3838
4325 5369
3128 3119
9328 7898
3685 1493
5722 9730
3827 2352
194 5703
1279 8219
2709 7088
5394 8894
8325 7148
4398 7859
759 1068
6098 507
1754 842
9003 7909
7906 5488
5261 9532
606 4836
2594 9454
5536 295
3182 123
3284 9785
2594 3272
3692 3849
7454 7678
6593 1597
8861 7129
623 4874
4461 248
5658 1581
2358 3295
5545 8749
9616 2232
7302 4557
8159 63
1565 9418
9444 2870
9636 4959
4548 3400
4510 9551
7124 9864
6747 8913
9907 638
1269 208
2903 8275
3933 8100
3765 3043
1815 4849
7041 6657
9867 7320
6441 3973
5197 5716
8614 7454
9334 7752
8089 5103
9084 7269
1326 5316
8882 7406
5601 5788
633 1474
445 9062
4181 7448
2132 3966
4020 6796
1361 3066
7672 1539
7354 4577
1277 6577
7189 7353
7871 1958
2964 9569
2379 4630
9093 4226
1453 1344
9794 3145
3999 9317
490 5202
1125 6603
6902 2295
7423 1394
9545 270
3178 2580
7706 8128
4516 7020
888 972
5299 2271
4527 3012
5271 2393
3112 8346
6463 1
268 5664
873 6882
9313 3489
5922 9925
1998 7598
1333 8166
1894 6509
5725 6303
4620 2680
8892 8306
3758 3832
1947 8972
5264 2433
2167 3311
9296 7754
7237 5502
7250 5640
8038 7959
218 5543
9361 6189
2875 3347
9966 700
3149 5529
7022 5058
1718 9544
7627 4581
8881 5249
7808 2013
2531 8884
656 7892
747 5577
2426 1529
5827 2474
5778 1331
9598 749
9397 4930
2567 8795
4113 4667
8052 7890
2186 9237
142 409
9051 6135
8387 8844
2876 6853
6866 8499
6202 4972
2861 9370
9844 3871
6450 5981
3072 1226
2195 5240
6956 6735
61 6191
3731 7642
9820 6676
4721 8984
1931 9411
6045 1155
5132 1681
1170 9138
2465 4797
6821 9194
1360 4207
3350 4385
2260 5366
6589 5735
5380 835
5654 7393
2233 43
3902 3108
2892 9350
7648 7211
8857 6577
5091 1456
3661 3813
7225 1265
4533 837
871 3904
250 9352
4632 8280
5398 9210
3019 714
6114 4691
9257 514
281 841
4909 8331
1964 5470
510 7896
3748 9336
6215 3749
7489 9501
5447 8843
5663 3979
980 923
3222 9841
3076 3640
352 9511
9223 3205
1610 5866
7579 2435
1183 11
460 7048
1543 5814
2890 8669
5452 622
2517 9072
2991 1541
9066 6669
4310 9571
1745 8479
9898 5882
6563 8601
1427 2343
983 6839
8577 8586
5782 4406
7892 2547
6996 821
599 5860
3862 4998
1524 6659
4415 3409
2400 5792
275 639
5420 8976
5854 7418
436 8174
136 4450
2867 9198
6054 5460
7764 7455
5885 4766
6199 6766
2038 4994
8255 5014
2503 2050
4387 8074
1341 319
3857 2271
5069 2789
3482 3262
6168 8478
9306 6773
6822 3
4014 8801
7860 6196
2009 9913
5445 8038
9900 92
4959 7905
7132 5542
3413 2851
4870 4219
9134 7463
546 4325
3986 5999
9071 1571
453 6857
3014 9776
829 7077
3313 4208
3872 8163
3848 3918
8201 9235
2225 6053
4593 5477
6149 9655
5909 3305
6874 6632
259 6295
2247 8793
3082 6122
8445 6982
4934 3410
9669 7455
1875 6555
6964 2947
9106 6284
1016 7055
4390 9167
2699 8741
753 2467
2956 1033
1081 6229
3114 3593
6430 2211
8223 6000
1296 2984
779 4578
2167 8412
8139 5550
5376 6713
5563 2656
9768 2418
7904 6761
2849 5222
3018 677
1563 703
3615 3335
932 4241
5592 1455
8616 9246
3176 8338
4841 1219
6284 9993
7200 7499
9881 5942
905 3654
5676 6661
7518 8759
3082 8243
1212 3188
9833 2201
3701 5965
4861 116
8455 148
3611 4005
3561 7315
931 3373
3476 9558
7544 1427
743 1518
2493 3954
8295 4358
7160 956
9422 9925
5007 3189
9748 140
2349 5141
454 2759
1073 5170
5455 1193
1651 825
2118 4509
9240 5352
7721 9737
3160 9332
7219 2199
7820 4695
8056 992
6097 2565
235 4427
2000 7306
3950 6783
8035 3599
1780 4130
9987 3303
9884 6835
1127 3628
6831 4810
8116 5782
1797 953
6068 2000
2015 6713
7556 152
8708 5620
4737 8310
5448 7108
7094 2978
1409 4000
4263 7262
8713 9190
722 9275
5830 2573
9398 2856
2673 3983
4127 5436
3632 9147
327 8160
3566 1331
3661 3089
7782 6185
323 2186
8609 1645
1784 2918
6104 6149
6867 9641
8890 1630
528 2297
6726 7388
1280 6665
9120 8310
8160 4298
8994 1438
3492 1594
8633 7286
8259 4708
1039 4720
6645 3557
3894 2125
1927 9867
3807 4747
4234 3228
1579 3324
3808 4592
7756 2028
3359 2502
1305 7514
4975 4032
841 8463
1539 192
3526 9851
6891 4463
1801 5182
3933 3071
4719 6273
1335 3620
9559 4851
1166 6112
29 9588
9092 531
6542 1283
5698 7561
6485 3124
7962 5198
7622 8690
3060 9464
2681 9912
3510 8707
6614 9694
9692 9310
3250 5197
4203 2887
3432 955
9644 3375
1908 4861
1936 579
395 4081
7419 7032
1679 3934
3351 8351
4532 2184
8101 2580
3997 845
2788 368
7535 9431
1702 7113
4861 9522
8815 5203
3767 9940
5734 7453
4357 6870
2204 3959
9997 2858
4008 3885
8467 8080
8542 4437
7672 9564
5243 9253
5420 7476
1744 8375
6853 4437
979 4471
4380 5902
2338 9370
5935 2353
2912 1983
6786 7562
5886 6160
1000 8458
5454 7832
5606 4140
180 5358
6348 5225
1842 447
9574 5393
3811 5325
3653 8501
5332 5277
357 1041
5115 4190
6816 7330
4779 8390
6669 4767
15 4419
7658 3137
489 435
9328 9773
3961 856
8308 1425
4172 9360
107 2617
3208 8696
7473 5049
7435 222
6826 8044
2401 4976
2844 1164
9874 6999
6133 2667
1422 8233
8607 342
6801 5271
1521 8044
4096 7661
1742 8702
7308 7458
3274 1973
3413 1745
4137 318
3755 476
7906 9815
447 8870
3839 8424
1627 4379
5067 4110
4138 4493
2884 4765
1734 9548
432 3192
2373 9775
1406 3101
8940 3250
2137 5854
2457 9524
16 332
6219 5310
3375 3263
882 1574
1975 9419
7607 496
6535 632
2171 6555
1122 8451
5587 2928
9844 6452
577 3215
9319 9330
5759 653
2383 2130
9288 7684
1657 7573
9739 7939
2241 492
9839 4667
7672 4003
9734 9135
1182 2087
7593 5529
2684 9126
6126 7750
8055 8378
1591 3762
9338 620
6160 3316
3356 7984
8304 724
5506 3267
5848 8318
3659 2475
9797 5448
778 6099
7690 3468
2141 4848
7708 4409
741 1803
1716 8294
1264 9165
783 4044
6492 6748
770 2248
584 4086
4600 4121
7651 5868
9042 2653
299 5822
9060 9599
3252 3090
6658 5447
9488 8058
3054 2494
928 2152
9986 2331
223 5662
5402 6064
1074 6595
688 745
8189 6579
413 541
29 4289
4819 4127
3030 2162
9423 7344
849 307
9737 8558
9716 1674
5709 8920
8316 3799
4514 8460
7004 2574
917 1835
317 9332
892 3645
831 9954
633 8252
3453 3027
7997 6427
2352 4273
3691 2689
4206 1579
9323 9229
9166 1244
9135 1561
4191 9999
5979 6823
1239 1168
7422 9872
7222 7973
1828 1919
8808 4847
9482 1046
8567 5890
553 9672
8119 7522
7804 6971
9300 142
5104 8775
3827 1149
662 6065
7002 454
2792 7179
8858 1759
4597 324
6591 4557
5803 8849
6538 3305
5269 9286
3977 1950
4132 7602
5523 174
9304 7817
5636 4084
1336 4140
1810 6635
7253 6798
5766 6131
4204 8917
7431 1530
3338 4696
6167 3588
8449 4625
4163 3017
6106 7008
6128 1603
4237 6387
5798 4941
3398 3270
8179 4489
7798 8642
1225 131
3159 1554
3052 1348
7527 8696
2298 904
838 9991
2407 9733
3299 6501
5244 5368
9914 3637
8290 7786
8765 6790
1294 527
6033 7432
2108 7677
6821 605
6624 7973
8535 5089
1211 7842
1450 4595
1974 1820
1666 5200
892 4440
947 2283
8473 3937
4766 3870
6543 8382
407 5228
8587 579
8577 8272
3171 6624
5701 4791
2453 8044
906 8283
4480 7371
1929 9675
2129 7064
8892 334
8534 511
1273 164
1352 8183
56 5015
5176 8515
9650 3744
288 9899
589 9500
4344 8545
9401 6317
6764 7605
4047 8121
2740 5865
2720 6947
4361 6347
6220 6373
1800 2077
134 2517
90 7246
1429 9896
5623 2457
5209 9360
5843 4441
7740 2591
3730 8621
3948 8005
5594 7631
5327 1808
5961 4393
7200 8261
9833 4675
3840 7407
60 5375
5328 3830
6711 7707
7576 4212
4635 9253
111 4149
6501 9851
4845 2238
7876 9312
4135 9747
5371 4228
7352 9987
1141 460
2254 5762
7073 1777
1603 2079
986 6254
7462 6755
2131 3797
6333 2535
932 2808
5375 1230
3270 9732
4894 6466
5220 5718
2243 3179
1003 9820
278 4895
6561 3258
5378 2502
7981 8346
2369 1616
846 4364
2734 7556
8268 6360
9372 2804
590 5904
1195 462
4690 4924
8129 6729
4919 1629
138 3954
7162 1320
5387 4787
7282 6979
9508 9864
1162 6063
1175 5260
4197 2344
8049 217
1371 4824
9618 4423
7483 637
762 9497
2509 8508
8033 2274
1388 965
5320 5871
7869 8613
5134 7382
9907 214
4541 9701
9589 1370
3496 133
5994 2282
7820 6397
9359 9974
4199 2200
2609 9637
4986 3732
8469 6814
9433 3079
3013 8792
9325 6114
7279 7885
551 4692
6918 6244
5810 3721
2847 9034
2254 417
7508 1676
9858 5619
8942 557
7224 739
9368 2903
1281 6613
4673 5239
5581 7734
3937 5876
6184 2511
3221 7245
3707 9679
8813 7130
1508 9740
5490 6716
6267 7739
3689 5014
7628 1188
2452 141
1750 5414
9656 6990
2604 5986
7030 146
3810 6982
5871 8040
4664 5477
1220 4917
4865 2718
3544 2672
2525 1072
959 4829
8089 4881
9700 7767
2529 5699
1187 4106
2132 2586
4739 5529
7784 4100
3483 2815
652 2851
8639 9277
1678 8313
6380 491
8115 673
550 8850
5264 1864
2007 3909
4512 8446
4873 8857
3616 1877
8759 4554
9108 654
6983 1835
8342 1662
5114 9503
2869 2083
3345 6548
9406 4479
9024 8979
6576 3023
9964 7356
3277 7464
4477 1927
5989 2069
5895 5765
3909 8765
5142 7591
359 8718
1259 7529
5379 4145
5465 8601
8313 4037
299 9204
9313 6096
2161 8245
7645 1470
728 6634
4933 9122
8106 9792
5319 7006
1639 5483
7679 4587
9202 2678
2856 4768
4430 5290
5425 1819
1716 9066
6459 8119
8536 1210
8488 314
153 7506
3748 6625
5061 3574
8694 2796
4783 7488
9998 3234
402 7915
4465 2553
2717 2364
2490 4859
1416 5737
9036 3141
9890 1522
4034 2550
8740 4227
4804 7909
8034 3185
5246 2441
5238 8648
4478 6130
3792 1808
5769 1826
9339 4613
3084 9415
5182 1350
6548 4264
3603 9478
7542 2765
9284 474
7370 6821
3081 7972
6584 991
2736 2579
4218 7844
8784 8845
1306 9642
6096 2915
7878 4905
8874 2736
8687 8008
9187 5452
3051 9462
8580 4729
1255 1755
4374 3718
837 9111
8101 5409
3520 3082
5251 2993
6862 3304
5531 7371
483 7751
5325 1819
8468 9194
1111 7919
7109 2528
4951 6490
4418 2613
6726 3266
9346 6477
1842 8901
774 8870
7020 3013
4718 6960
4521 332
1391 4307
7642 920
1411 6379
2701 6199
4390 9005
9591 5970
1227 4117
2752 2580
3384 8014
205 4828
2195 9661
7047 7744
8275 7680
450 6343
6820 4909
8703 9162
7030 842
8950 9241
324 2594
1758 3997
256 9555
4733 3677
2945 9933
7390 9017
3684 3229
3223 5570
4840 5346
4460 6937
2696 5789
529 1745
4392 7711
4473 9588
9734 1884
8838 6821
1025 8388
6202 3118
4070 1203
6483 1469
3862 3368
4176 5572
1529 333
7647 3470
8193 5475
8364 5199
2891 7829
1827 4140
5095 232
6008 4657
6730 3223
8227 806
4299 5514
5616 1934
4504 7754
5561 5119
7371 5020
3718 486
9966 5658
3391 6045
179 9680
6876 3022
8025 467
2137 6915
2329 8069
698 1592
5262 259
1231 2823
7309 4660
5923 4845
589 6951
2909 1001
325 3959
1781 8391
189 4227
7935 6657
9641 4212
7301 9401
5725 1904
289 8404
6523 5378
7720 5764
4083 9572
2294 3719
9043 9435
5542 5941
1636 9841
1423 2445
3228 7173
1455 7722
8255 9251
7408 6114
2488 9437
4344 4493
2504 5021
5093 3974
5756 8148
7508 3677
3426 739
6220 54
5975 742
9049 1272
8313 4462
7402 4911
7581 9969
825 6191
726 1536
3632 4119
7035 6350
4282 4194
4429 9982
5648 3152
6780 5444
4253 7896
9297 5
4918 3375
9436 16
9753 1393
3917 6142
7888 5343
868 6976
8173 2324
2206 7648
9102 4426
4662 9288
3933 2922
7267 8809
2926 1406
1827 6995
9047 2102
9265 5728
815 7557
3606 3878
9870 1205
2410 6468
5665 5413
7903 2645
7425 7500
9081 3067
8376 5395
7385 6974
1874 7619
6009 398
472 6201
5157 5710
4495 7414
3112 8914
9967 787
7938 5946
3783 1638
3686 6884
9328 1234
3067 7361
5353 7937
8756 3230
583 5883
7828 5761
7298 4586
6084 9846
8559 743
7753 6199
2775 7430
2261 7886
5582 5603
6918 5229
7679 7312
8196 4007
2612 1771
7114 3041
156 3059
8805 309
8754 5408
9040 7890
9797 6449
6307 6562
8759 5058
4542 6385
9375 1188
7798 1121
7676 5568
4459 9849
1198 6209
7676 8762
7844 2474
7452 7903
8132 1160
6778 8703
9857 7228
2293 7115
9883 555
1648 2677
3923 8370
4154 3781
2451 2777
9126 7198
5117 3999
7209 2090
6658 4708
7457 5116
7322 6641
8209 375
4118 8407
8611 8539
6779 9958
2339 5354
9827 8209
8238 3236
7219 9770
6365 5804
4300 3369
1249 5410
8914 1938
1197 8117
5664 3740
1458 2309
476 5078
6512 7840
7076 820
1993 1223
4491 256
8666 8627
5877 2802
7816 5262
2977 1035
6763 7112
2947 1285
9785 5015
1260 2209
6052 8870
9150 5128
6132 6034
897 6883
6868 4030
4157 4694
6992 7800
5123 3208
4745 9743
2427 4180
8122 4627
5431 5367
4233 6662
5589 5173
2868 7808
9504 4309
5869 9469
9359 9902
2128 8840
1223 5885
796 4098
9169 7477
596 2300
3309 5918
2505 7698
7005 3624
5843 7907
4432 351
6416 794
5312 3509
6152 3784
9085 378
7671 4771
5183 499
6250 9181
1390 6961
1473 3607
871 4163
7015 9915
1408 7520
2819 7976
8681 4784
3135 4289
469 2157
6507 3591
7768 5758
6925 7588
7064 2496
3444 5898
6249 9149
6696 100
8057 5035
9599 8525
2421 2772
8746 7147
36 8630
1523 2383
252 451
5346 7942
7015 9902
5435 4143
1594 8920
4807 7235
2287 3823
8097 1676
5268 6204
2904 9944
3953 497
9015 1976
6994 4213
3095 3977
7754 250
8799 815
7971 1407
8094 7176
9181 9744
1213 4619
2886 2171
4060 3150
9703 9909
3027 2038
1242 6135
4703 3633
6552 5399
1063 7288
2479 5951
9516 5163
1401 6942
6249 2185
6910 6773
9219 656
8344 8708
9811 8870
2561 658
5529 6786
2578 7141
7996 3394
4524 329
4739 9754
7355 6110
3601 7720
8983 7324
9214 167
6678 1979
7756 9013
6592 5086
1485 167
5555 8306
1763 4042
8587 4163
9648 3647
6034 7557
6876 4607
5996 2674
4813 1408
6975 8129
1884 631
5016 6660
1883 1420
6745 4164
1773 8285
4265 1865
7378 9397
7807 7597
7697 1015
8938 175
7555 4964
5647 9568
4666 420
3910 3126
2356 3004
9544 9743
7724 6566
3275 2243
3156 5508
9372 5626
1709 1295
9366 7064
8910 4853
146 3125
7177 5817
3601 3713
5566 5271
1775 8190
9356 2439
5724 98
7984 8905
9523 227
1087 2024
1224 1040
4903 868
2553 6420
2064 1082
4939 9914
2853 8776
7596 8770
3150 7181
6963 4503
4110 7090
5521 894
5208 3916
4456 9208
2880 7813
3502 3891
1558 1340
7098 6506
4008 5625
1563 1914
2055 9266
9442 9159
1324 9472
364 7859
3808 2560
85 8965
1634 813
5470 5179
3601 1731
2407 7764
5800 5636
4114 465
9840 9951
3887 6268
3057 2412
7816 5290
207 8998
5067 2920
3846 5459
5036 483
5153 5401
2943 1749
7746 7679
6721 1291
6499 1753
3721 1810
3423 49
6595 8335
1448 6900
3610 8417
3894 1305
5425 1294
1015 3899
9664 4079
1116 2628
2076 4449
459 3181
8525 2271
2920 5434
2808 6748
6025 7899
1709 5033
8546 7900
3059 9248
2945 2682
1565 1637
8547 1496
3498 5493
3604 9108
1039 8261
8673 5222
2088 4545
1099 9599
2905 5803
8069 2724
3583 5294
5043 7579
6146 9259
4468 9604
3936 8270
9077 9131
6197 2636
3072 6783
3147 2057
8560 2917
5149 801
7237 7952
6035 4031
6560 7589
6402 5625
1938 6473
311 3788
9670 6103
5000 849
5872 4121
3833 1888
2319 2649
5715 9494
3673 5453
9500 6604
3251 9422
4491 481
7847 7795
547 1176
5422 9610
6643 4478
2489 6981
295 1822
4764 7548
719 9253
779 9256
3208 3929
2504 2329
1522 5389
2840 2011
9041 5136
4502 5021
4776 5234
243 5895
6245 4682
2765 3548
3453 5007
9024 2771
75 2071
9704 715
4889 8103
3023 8394
132 8887
594 2449
2377 2657
813 9999
3913 3164
3687 3772
5667 7737
7577 1147
5035 3697
9873 4736
1875 9101
8011 2301
1780 5344
7107 4781
787 5128
370 1246
7716 5406
6303 7188
9655 5390
2524 4874
6855 3806
2862 3403
8160 4218
3113 5187
1732 5938
5613 2939
4875 2991
3387 5889
5521 3720
2234 9925
6913 5060
409 3348
8521 6713
3611 8329
4800 3459
7088 7887
2569 8165
8398 8548
9696 8411
7786 5155
6350 7324
208 640
2228 7387
9996 5937
6983 1577
1006 2627
1331 6310
9765 4680
6986 5916
435 6593
6870 2575
8284 256
3919 8434
6969 8069
3122 440
3922 8404
8256 2618
5091 8500
9123 410
5763 4659
6580 5011
9300 9687
1601 9402
359 456
2781 5895
2463 7341
7820 1281
7792 6940
5516 9712
807 5970
4661 2221
9563 7041
3492 7271
9541 209
6463 8740
9448 7577
604 6788
5291 4140
3869 8057
9440 4793
3640 6713
658 3059
4287 2769
7078 9772
3375 2321
5951 4264
8973 4061
5982 331
9565 1250
6512 9678
1566 4464
5618 6847
5638 4044
3618 3952
2565 2860
694 2918
7260 6804
3855 3294
3717 2207
7829 4386
344 7832
6104 7516
5404 263
6747 2769
1213 5155
1094 6811
9331 4205
4701 6381
5393 3739
2996 6972
9897 1351
1137 229
3544 6291
4006 3990
1598 5670
1599 1982
4815 4037
8323 3495
2839 2920
1508 2903
9096 6705
8616 8899
3504 9628
3381 7046
5924 1464
6660 797
9267 4928
5860 8720
3439 1216
6474 2374
7415 3388
1813 1356
9350 4468
7364 6267
1326 8459
9035 2222
7370 8349
7925 3625
1622 5464
6925 5656
5466 2543
5865 3864
9051 8768
3757 7147
9776 7903
1860 9178
4286 9656
7915 6397
9349 9521
2106 91
1568 1150
629 9514
7813 130
9468 2313
4117 149
4177 8826
5765 2599
2352 6836
2763 8918
4113 2757
9674 6723
5913 1567
5864 4786
2647 5407
5763 6661
2345 9473
8272 4600
2032 1468
9005 2219
2320 382
9344 516
1224 8347
6455 6985
4663 6808
8606 6854
5820 6303
4934 9577
3812 4057
1063 7165
8172 2321
6992 687
8068 4145
7642 8510
8671 7603
8023 7519
9070 767
7115 8631
2149 9681
819 4969
6473 7407
5030 3611
4849 8153
3854 7
3887 2548
2359 4351
3906 7461
1315 4222
7180 4216
6104 1405
6699 7819
6810 2738
6282 1223
5640 8189
703 4776
3555 8665
7102 7163
8070 4009
235 8031
8996 743
1085 9529
6593 6757
4209 584
8122 9572
4634 6205
9746 673
5065 1808
1527 3567
7766 913
2738 2063
1350 4226
1625 3858
7571 8903
7134 1046
9512 5439
8856 8847
2926 7951
4059 3970
985 8509
2384 4914
6776 3980
8698 5238
9722 9795
6685 3085
4431 9822
7679 8343
1644 4603
2380 5182
8320 9817
6689 5119
6762 5359
2245 1846
5816 1661
4572 7690
508 1235
4968 3188
6270 3859
3295 2461
6045 1553
8394 2650
7938 3162
1823 8617
6501 6521
4424 5876
6906 6657
3394 6459
1125 8267
5049 763
6142 559
2898 1992
380 3615
9901 7760
8747 7320
4156 3003
3270 8335
455 4468
3756 6396
3157 5536
6110 3178
9401 3290
8490 9036
9736 5783
966 8893
9362 2697
5910 5349
1125 5907
441 9829
6164 6581
4495 4204
8567 5312
6140 7493
3687 1729
9875 2571
4711 6508
6497 8053
5148 9982
3263 4185
2508 3841
4969 1646
8842 7452
7510 50
2687 4288
9399 7441
1063 5262
8894 2540
4153 4661
8538 126
7002 3099
5680 8377
3614 1193
8007 8479
4395 1868
9573 3541
5612 6905
333 7368
5647 5820
7676 8006
3635 8291
4639 3353
4164 4548
423 3074
5872 5747
7394 3056
4763 8603
3952 5130
7551 817
8338 8393
1304 5046
6941 8986
1944 6631
7876 7089
6324 3259
1099 1286
3728 570
4387 5589
8794 7046
2211 4385
9950 5974
8182 6012
5090 5926
6769 2863
2296 3955
379 1761
3879 5116
2597 9423
681 9198
3954 8179
1018 1461
7791 6409
4266 6265
7317 7862
4179 216
5185 6293
8866 240
6162 137
465 3787
2946 342
5977 6273
6266 9909
295 1576
875 6389
8206 9744
2606 4257
7921 2128
9503 8702
4115 3792
3791 145
3527 8867
5109 4281
8042 9095
7720 274
7274 9213
9684 8254
8849 7222
4473 3194
4207 1196
6586 7342
7205 2888
4310 3509
364 1169
6996 4743
7639 5175
6655 3555
1882 9881
4149 361
8367 8117
7276 8103
3977 765
1380 7117
348 9622
8544 3696
1301 4616
3557 9930
7965 8616
7204 2149
3394 6854
2437 1886
8857 1831
4609 724
3701 8968
9917 2947
8357 9060
7274 4787
9095 6107
7989 5637
4960 7555
501 7300
1224 5118
9829 503
2032 5355
2498 6287
5711 1185
5090 8300
4227 4795
7998 4722
3232 7192
2311 7161
4995 2880
152 6346
2653 2355
656 983
1654 3009
3468 555
5950 1471
9850 6623
1655 5851
6263 9933
4158 2322
8294 2709
2987 5774
1625 8159
1815 7854
5385 4852
4657 1806
2635 134
1031 9254
1881 6600
9548 9276
2612 2788
633 2751
3559 8869
6376 9574
1677 2777
1188 1904
9596 7587
8834 4416
1860 3308
6850 9243
6672 8671
2916 6839
5255 922
6562 3044
8105 5969
2511 589
5610 8243
8674 378
7437 3248
2369 4129
7059 7099
8199 1738
943 4112
8702 8631
9436 4955
6431 8380
1589 7637
9060 2944
4468 1624
4692 7238
1990 1054
5064 802
8508 812
8670 7212
5491 7788
351 8317
5238 5623
2731 6994
6451 13
5343 3839
6760 9563
2053 5776
6134 9907
9126 2276
9934 7061
3693 6645
3242 3970
6714 6398
8389 866
3388 5530
6039 8032
5798 7281
5773 5617
3113 8594
3882 2131
8968 2171
2047 8850
8442 9033
2633 174
5863 4252
6588 6316
6323 9425
4160 8951
4730 3604
6722 2751
954 7380
8517 9773
3018 5864
8705 7055
9983 6575
4896 9927
6970 8582
2237 8888
4290 3466
5956 9972
4399 3911
7328 677
6563 9461
2766 6876
7796 577
6430 3185
4161 7095
1598 2911
1762 6204
8879 8709
8760 2420
5868 2021
6814 9850
9010 4274
6577 6797
8713 3716
3256 1302
2452 9284
8830 1899
776 5448
749 1926
3382 7368
4699 9371
6449 6831
7395 8961
6807 2307
7591 2135
2131 7864
8411 5085
416 7269
6085 1216
9764 7473
4250 7877
7073 8927
1326 1010
8804 9847
1545 8736
147 1357
346 310
6211 8045
2682 8755
5734 7781
1012 1831
3530 9436
3426 3327
5006 113
2231 2585
6345 5417
1530 5613
737 7993
6413 8063
3654 3795
8346 2394
3409 7832
1293 5165
9259 5807
8756 5210
2598 5784
4158 8358
3021 7973
9517 3904
2109 6069
4933 9652
8200 7731
4438 6563
1816 227
4876 5111
1594 1080
2638 460
9634 948
8237 5351
9041 2772
1509 3825
3183 3252
6379 1029
6914 6673
4422 1654
515 6468
2549 9831
9109 5979
2699 1417
8468 6723
2143 8610
6377 4244
6544 7545
4648 2498
5981 6392
9952 4292
3958 2860
4742 5062
4625 1610
834 9135
3592 6063
3278 1588
130 2121
5998 7486
3512 8990
3872 2732
4095 1831
3937 627
5868 9505
6510 6012
307 548
9571 8065
1693 580
2150 1631
4522 4955
4940 6089
6740 843
9155 9517
1082 9095
3681 1248
1560 6147
7059 7233
7379 7181
6707 5930
9571 9251
1461 8432
8342 4743
7733 9823
5278 8160
8668 5412
3286 8386
9413 7342
5351 6603
5825 681
8962 3949
828 1442
2992 6867
7879 8466
835 5554
1225 6793
8830 3306
8591 8061
598 3288
6544 1359
2111 3043
2763 3884
8981 9481
184 8352
4882 7045
7605 1194
6261 8539
7121 9457
9092 8957
843 4107
1665 1388
8329 930
4099 6908
1658 9705
6958 7969
4404 6376
9528 5897
9624 6856
1941 584
6408 7888
6731 3864
9721 3510
5855 1710
6711 2354
3374 4157
4131 6527
1249 6122
1722 8909
5679 55
8926 4223
3925 5206
1890 3184
9794 9386
6325 2634
8997 6088
1598 510
8805 3296
4328 8871
759 3881
1250 4293
5665 7322
1783 2328
5565 4456
7925 7759
3401 9313
4555 7773
7888 2179
5192 4413
5909 9586
9911 5510
423 8401
6028 6986
2345 7240
426 1548
8717 4296
1942 3796
5317 5747
5371 8082
6764 1
2275 5498
1588 2868
977 704
1208 7990
152 8362
6833 7427
6572 3184
2899 2978
481 526
9174 3801
2079 2641
9601 9955
5559 9864
7461 4069
7614 5034
908 4285
7037 7674
5483 7180
3711 5078
3502 2423
9459 3675
2426 6674
8328 4660
8228 5581
9859 9617
9004 8690
152 364
309 3741
338 5381
4961 5746
492 5996
780 5774
4651 4466
3222 6599
6689 7565
9030 2009
1585 6865
4063 8414
5936 3417
7714 7237
7671 4615
926 9745
7533 4056
4711 8643
5956 2319
2061 6511
4008 4889
3809 6240
6741 9515
7114 9364
2909 6628
3883 4820
1121 5791
5295 7385
1771 8306
1636 8248
1789 7158
5028 905
6609 163
1995 1072
2644 1264
1487 5780
8555 8703
8144 3106
9702 9791
8957 7577
4273 9596
8281 380
9341 9490
9441 1901
4887 3301
2529 9012
7454 9204
1384 6153
390 6091
690 9795
6933 6401
3056 9788
5944 8824
9281 1224
4076 5408
209 4230
3112 4522
7981 2826
6026 8487
7706 9265
515 6630
8508 5095
1518 8792
2714 7579
1307 2320
2058 9071
13 8514
3307 258
8773 4451
4942 3362
7762 6658
837 9063
4498 7637
4831 4741
1223 3022
9075 6076
3312 1100
6652 6531
5884 1619
494 1107
1702 1152
3905 4242
9365 5316
7953 1522
6721 5859
8700 1351
7205 1238
8978 9766
1091 5371
7718 2314
9455 3096
8230 5758
9368 2060
7503 3467
6846 9012
2224 6469
7591 8714
4786 2888
3671 5446
6946 6573
8532 7119
4090 5353
7271 9217
8089 3970
3358 897
7004 6392
4324 1376
3804 174
6124 3443
3351 4321
3160 3259
927 1075
4606 3537
6501 7081
9433 4903
2087 6596
7778 5109
8209 7031
2576 2083
1336 8648
8883 2395
4670 7
7169 6120
2884 4665
9189 7082
7193 8885
1441 7082
5585 1330
4388 9716
3730 4714
7807 2476
66 3538
1073 8541
1186 3632
7648 6404
5471 9850
1926 3625
3814 6624
8397 1005
2446 1937
6360 2669
8446 8070
4207 6513
1536 792
131 803
9115 309
285 1887
6965 3374
5388 6476
8041 5890
6483 6337
1553 9842
1867 1728
1405 4003
226 390
4737 4821
7264 7709
6509 7961
3525 52
5351 200
6301 5516
2173 9244
8240 6373
9053 5132
3119 2246
9288 3267
8679 2834
9861 5900
496 2137
704 356
2501 2374
2534 3731
4877 7585
1313 8393
9926 541
2432 2093
2799 8918
3850 8870
9958 6632
2155 8917
5759 8183
6464 2482
3054 7320
9863 9204
7152 6903
8904 4071
8831 5777
6254 6983
5658 8112
2305 4541
1338 7585
7581 3411
7512 1071
6947 4154
2401 2523
2113 5372
6982 9463
716 633
8059 706
7739 2228
5039 9268
6167 6594
3289 4981
9815 2258
6920 5718
6816 706
6614 1608
8847 5568
3112 5111
208 570
3658 7850
6072 4812
4304 273
9387 2649
4310 1446
6696 5660
65 2307
1131 7451
7807 5989
2854 3176
7160 6567
3039 1319
1929 3551
9298 5446
544 6219
2194 9374
6001 1389
3160 8632
8385 7731
19 5098
4569 6935
1874 1546
4796 685
7575 8411
2346 2307
456 4031
3789 7530
4676 7225
8232 3754
9567 4657
7776 5195
3409 5373
5331 1290
2218 814
352 1459
2014 9305
3913 5825
7098 5709
8651 3326
8895 3751
8976 4863
7397 254
5818 8437
4750 4366
2363 4352
115 6828
4475 1717
4856 3766
7324 9249
5494 7464
5210 1170
8798 1464
6377 9938
2077 3937
4788 582
1191 2087
2764 6273
3639 9954
2899 3171
451 6193
4100 4960
6829 4285
1088 9399
4004 1
1352 4939
7581 9494
847 4816
6134 7566
7975 4906
397 3467
759 7549
6280 7107
6997 3511
233 689
6244 9190
1447 2820
45 7881
8716 2416
9656 9452
9498 1207
7169 6059
1748 8742
1257 2739
6380 3503
7918 7421
3965 3361
5782 747
6680 6392
7464 8530
3444 7634
9442 7492
5986 2909
3023 8717
6854 684
8495 7631
3341 2882
2851 3746
2407 8718
6574 1976
1701 5352
5367 4431
6450 6712
3945 9885
8602 1611
7778 4680
3867 9865
6230 7946
8547 177
4467 9218
4930 5570
8511 6877
8206 392
8546 2495
81 8303
9063 1293
750 3838
5064 834
611 5758
3385 836
903 3236
4789 641
5090 8360
3757 8733
9141 9239
9446 5337
247 367
7121 2557
7986 9992
2101 7815
5593 9129
5292 8942
4020 2222
3880 1124
3167 9171
4881 3953
8302 6597
3719 1060
4260 1593
3491 7164
3094 5677
2103 2570
4917 9504
597 1355
9975 6163
4012 6500
3965 5396
2536 9033
8289 6787
5284 1686
6757 7055
8388 2698
2530 180
902 6548
7674 9050
7531 9872
3303 4444
4420 651
9584 4109
4099 1671
2218 6020
9740 6101
4958 8538
7744 9275
2224 6083
5034 7414
832 4248
4309 2302
609 397
2006 1091
2257 3904
731 8615
1679 8724
1372 8115
1453 464
3065 7379
3164 3089
2432 4706
9785 8037
1232 5779
3507 409
795 3946
5368 8239
3888 6289
2974 4847
6897 290
3400 713
6143 9999
8514 1126
8150 11
2814 1304
8878 4776
6704 8465
2697 9977
9167 3546
5435 2554
2229 8361
5773 3822
3460 1010
617 2864
2179 8176
7686 6040
4872 3697
4325 8378
6504 9529
6850 6858
3956 8833
9822 1614
4024 1679
7501 5012
9588 9493
8177 2826
8280 1211
1615 9352
4555 6797
9638 3179
2225 4611
2798 6015
7404 9643
7290 59
2069 3253
85 68
3308 5928
8230 8458
4325 4102
92 9974
6842 4898
1905 4980
1053 4906
1147 2186
5691 2877
402 2645
7868 8069
9056 5683
9513 3690
4959 4704
7862 5934
3114 105
4055 6725
7940 5118
3178 3564
134 6751
9617 4338
2463 9435
3014 8135
1499 549
9358 9341
9476 7232
7375 3332
5358 6763
3023 2998
3285 2357
8126 543
3609 9340
9874 2044
2723 3930
1878 5628
1667 3573
8327 4353
9179 4767
2471 3220
7975 817
1345 2771
3720 5169
4907 1055
5595 7359
344 2435
5461 7006
6494 4313
6402 6460
1750 9140
9753 6713
2648 7174
8719 6688
9172 8375
1428 8800
4133 6059
9013 7297
1416 4219
8387 285
712 2072
7394 462
1491 9367
8891 5209
6466 8879
2476 1750
4361 8221
7287 7027
2426 4578
2209 1461
7179 5876
7112 5721
7346 6466
3952 7909
9475 9681
8484 4376
5263 5522
6922 9129
2021 4799
7120 9736
7080 7988
5642 3741
7291 6388
6251 2735
6616 2409
4509 4301
870 2214
78 2526
8150 6120
9920 7701
7358 3880
4803 1928
894 8650
2461 5978
4636 2185
2757 5481
7807 9494
6726 3125
2613 3104
4443 1440
1468 2537
2517 7001
9278 2550
2662 5769
1359 8967
5921 8220
5905 5051
7925 9205
930 9819
5718 5832
6992 8087
9055 3711
7614 5416
3912 3451
2475 2461
377 8631
2032 3979
1853 6526
2239 4964
2191 2124
4799 4913
8817 4861
113 6213
1690 8350
933 7682
5681 8558
5075 3088
9388 5277
9690 3966
5849 8379
9985 6227
6009 5413
6387 2636
7386 5459
5234 401
6279 5834
6994 2016
5146 1685
6673 5338
73 6707
8361 5594
7912 3978
3986 2245
3931 7085
2466 7426
7451 3792
6527 2061
8661 7099
9903 3602
8832 9422
4762 3806
1916 5178
464 6524
6678 7436
4442 8300
4709 7724
1067 8288
2353 7232
9844 2379
2677 8476
2737 9992
3821 134
2775 1568
9210 2756
981 4358
5051 5221
820 8429
1205 1804
1244 5426
8870 7656
3093 5922
4979 4540
6166 2236
6090 4732
599 8643
27 3023
7352 5021
8915 3037
8356 6512
7209 2493
7034 9060
8605 6530
6430 694
6739 5222
1312 5790
8291 5705
5371 621
6061 5825
2782 5571
8985 796
4199 5825
9005 7313
5793 4703
7531 775
7446 590
5557 7232
1082 9966
757 3455
8606 8413
931 2184
37 3736
3869 207
9968 4184
8379 9893
8990 3803
5678 8249
6635 3118
4273 2286
796 444
975 4083
9593 5536
3897 9445
5799 2307
6272 2610
6021 2543
5984 4611
2702 5939
9112 3055
8593 5772
3917 7308
7393 5766
562 5786
6719 7982
2534 9044
9421 4468
6262 4588
7301 960
5256 9080
9867 2389
3232 168
6837 7123
4139 9839
5 6280
9429 6356
7999 4429
2137 7401
1026 4769
2630 9899
2072 5700
2564 4827
5363 3358
2180 5960
3524 7760
9863 3127
6856 3935
935 6834
241 4816
4116 3324
4592 8354
2141 1121
2291 1895
127 3024
9312 4796
6984 330
7400 4204
7171 8831
7372 1727
3476 3838
4259 6508
1508 9276
8599 1361
7588 2292
2165 8047
9908 1992
914 2529
5972 9887
4589 8360
4543 8585
8352 2851
6016 7499
1313 7880
8428 2045
2196 1628
5152 3451
1543 4781
1199 5735
9009 7594
1784 4471
885 3288
3425 646
6445 428
4109 5507
9866 9063
7123 1971
8487 7778
6806 232
2745 8103
5883 828
2575 8770
3699 3086
2966 9372
9001 8577
2965 5199
1139 6043
9132 5029
6021 5281
9066 5263
2776 1054
3514 8339
2061 6531
7217 4400
2597 8429
6346 9183
8782 1661
4852 1860
2847 6848
2927 3369
4360 9146
6074 6676
7296 5569
9442 722
5039 5587
482 1744
7830 6740
3239 5373
180 8075
5808 1085
7716 1898
2786 1828
2646 4880
2840 2905
6832 5090
4671 8767
9938 3598
8411 8809
9823 9766
131 4741
2907 3439
9452 1558
7759 4038
7519 8094
9274 8814
5863 9340
2413 3570
4571 1732
5276 3206
2183 5716
7448 7937
2361 5593
1206 3387
9223 4927
458 8538
5913 9660
859 7287
8029 6348
3195 1344
2602 6728
2157 7766
9222 2537
7112 7466
7283 8065
1867 2747
9632 4004
7751 7312
1160 2123
4905 2184
5483 2392
5688 9577
6889 6782
9478 6060
6737 5630
5826 7161
107 4547
7769 3178
6123 5211
4770 7768
4735 211
2140 9887
4498 4869
3522 4991
9553 4461
2246 2803
5690 7826
8188 9599
1870 9090
5858 1679
6980 7169
7584 554
6528 1360
4981 193
633 2555
6660 4342
8849 6384
1536 6815
2948 8678
8088 1104
1264 9040
6723 4539
5854 4220
1178 8545
2104 8267
3232 825
3042 8954
1586 6343
1455 9246
8162 6198
5432 8031
6435 1451
3581 6473
3976 8354
4771 1714
3206 3324
8171 9204
4390 4112
2199 4026
1607 5916
9308 9151
3356 2065
236 5041
3288 3975
4102 187
2165 6014
72 8350
3761 8068
5827 9510
5873 4942
5675 3562
6800 3739
3969 918
9228 9353
7713 7479
1894 8902
884 9713
5854 6915
8063 2333
9526 6945
2348 8828
7969 7988
1444 9506
5583 3682
1893 7196
7318 8285
4564 2082
8513 6588
4555 2512
2956 5699
165 9635
8409 8101
1978 4790
6059 7800
7049 9098
3208 40
681 1014
7290 6944
8772 2787
5125 1577
3278 8136
8101 5450
6681 362
8548 1417
5514 8842
9144 8001
4686 1977
3794 9818
5993 9909
6253 9726
7207 5396
5085 7140
967 9227
3177 3297
556 6023
7596 8947
7950 1612
2195 1582
9028 2873
2009 7547
9777 8563
2068 1713
7814 5592
632 9010
6518 8767
623 8041
8059 9340
3703 9506
3723 5974
1404 8183
5256 2118
8497 6705
7481 7131
7845 1111
8973 4199
5271 6718
9368 5061
512 1173
1535 5074
3626 1327
9121 9590
5941 2191
8671 430
6864 1567
8964 2034
8920 2195
481 1171
6986 61
8564 7762
7485 4050
5777 9748
420 9436
8855 5829
6726 6156
9546 2466
5032 9901
3076 1784
4669 4023
1389 4437
782 964
2445 5445
773 7121
523 2508
9036 587
7412 2162
7013 4726
1993 3765
5401 1489
8639 9262
6161 2869
4090 9239
6832 10
5326 2312
4258 8135
2269 9027
894 5867
7969 3908
4047 7325
2537 5421
1720 438
4693 5101
22 9830
9883 547
