1
1000
-120 293
-894 -718
349 503
-242 558
-311 195
-97 -376
-836 -550
-699 -10
567 -200
-311 -601
-60 -237
-371 -928
-11 -216
786 -984
-362 -324
-24 -987
381 542
68 -89
-860 -94
-273 117
289 385
-28 -225
105 33
-364 -309
-559 -705
157 702
-714 -507
-435 -312
-404 453
-498 -719
-808 797
-51 -541
-134 706
-539 444
-878 41
91 -30
164 -835
-626 273
106 -542
842 -987
132 -632
-589 -93
-745 903
-875 -565
-215 999
-90 -883
409 288
754 436
73 35
997 -638
-583 696
125 -659
802 15
-908 337
-5 -311
145 811
335 982
987 -559
-295 -477
671 -758
704 618
884 -945
-419 -300
-350 739
-882 644
-772 -222
779 -719
-90 438
586 -659
399 -87
-258 -828
-911 917
-206 945
-178 -610
971 17
566 -460
-649 395
88 443
-682 525
-257 973
-605 -334
-312 -130
857 -237
-813 -491
-811 -391
-923 258
429 -595
249 -97
-698 -970
-772 93
-63 -631
-43 798
-66 -895
382 -415
951 594
593 492
471 -288
974 314
-685 914
-309 -139
-864 546
-2 366
-659 223
-913 300
-924 679
-344 -341
505 781
-344 598
-314 126
883 321
420 -915
-103 331
-201 76
445 -888
-214 112
522 259
550 -524
24 994
83 639
-295 -669
524 691
951 -7
-366 -224
-805 266
199 72
-41 38
-253 278
-413 937
523 296
947 315
215 -142
-926 -274
-738 -722
-446 -257
-100 -802
-185 -261
-391 -918
-230 -225
-416 789
830 773
206 428
883 -770
-650 313
-974 317
52 -681
-817 -554
-17 -270
-708 -970
-173 392
348 574
-205 59
557 454
-227 -944
-832 -85
322 -717
-739 -153
-996 281
648 -796
-714 830
60 -673
425 633
-818 -756
-728 -779
398 468
-585 425
947 394
175 -98
-823 437
-648 229
722 -79
241 821
-607 58
-936 -910
688 -633
819 510
52 -740
168 -587
-882 -859
-414 137
143 545
-192 139
-706 -942
38 -925
-224 915
-885 733
502 382
-195 591
-196 -189
594 -442
928 557
-232 -12
713 588
748 -977
16 -845
690 439
822 -999
-792 762
-351 -6
496 -195
20 -239
580 -563
863 817
-228 485
-398 -492
-402 538
571 458
-87 -757
298 651
386 512
-731 721
-757 540
-235 936
67 445
-457 -352
-911 -56
331 721
701 961
-186 521
-664 -27
256 -931
-566 -23
-73 -938
-464 -442
120 -314
181 -651
-75 458
282 -859
-629 22
752 -728
-662 -175
664 -888
-91 -836
-734 839
536 209
584 432
140 308
526 959
122 -58
-676 50
-594 624
768 -213
-216 134
-852 -26
678 -899
12 -972
130 565
-607 865
943 -184
121 56
879 282
-959 -982
-734 -710
518 -427
-411 -836
227 -624
340 10
-537 872
-248 -73
-901 -602
704 904
833 469
79 -385
627 -96
-326 436
-79 844
776 -890
333 -692
-946 722
318 -614
865 -854
-894 208
-589 497
-319 -563
-306 -522
-130 -493
-414 623
527 54
-233 -920
-419 248
175 65
-133 -402
916 918
463 14
-155 466
-635 -216
-261 -477
824 849
396 541
-455 -364
-303 857
-577 397
-807 -555
-944 635
-889 604
201 403
-764 -783
-987 861
15 -7
-145 -783
282 916
-756 528
654 -787
-178 773
-58 698
-271 -96
-47 -702
-744 -974
-803 841
919 207
474 881
116 471
-457 108
-91 -473
261 -412
119 -658
-65 -902
-565 94
-757 384
817 145
-935 -606
-123 825
326 -955
-615 -376
-99 -343
-124 -573
358 565
-815 -816
79 -103
-260 -185
753 -584
88 317
-39 779
-410 -997
-603 863
519 556
250 -748
-139 -448
468 -623
249 614
183 974
216 415
958 424
806 469
-967 561
-683 841
-959 350
750 -30
-293 -549
436 -153
-912 309
925 -250
-270 -871
-539 291
893 699
685 356
-178 611
310 704
402 -647
183 -998
818 -461
-159 -595
-118 363
-704 -179
-324 311
743 -322
-897 242
-991 948
21 484
852 -863
141 -432
226 252
927 -442
154 -54
-699 -831
824 -428
350 37
-181 -685
-592 -550
685 -462
727 -124
244 39
-459 -665
957 292
-168 -900
-514 33
-218 674
996 -713
-166 17
-400 296
328 -368
-861 -246
-844 -40
272 665
205 -73
-869 416
676 -395
844 583
396 -832
-601 770
752 -19
-845 -168
831 366
198 729
727 668
740 62
-619 -741
636 444
329 -42
160 370
35 -36
-73 -49
-771 -121
-779 578
-519 -46
944 377
-804 -729
-219 -33
758 698
-353 114
348 -215
902 786
-762 -107
-662 -69
-109 112
-423 67
-33 -694
-67 264
258 -486
99 865
987 57
-410 -321
678 -735
-542 591
164 -717
-968 -759
60 -806
63 -644
668 -583
-354 -612
-401 -300
-348 -58
249 134
56 -640
489 549
358 -558
-604 46
-663 7
-85 66
900 -415
-287 820
396 -818
396 -950
533 100
-892 17
153 526
-642 881
748 -611
720 922
-570 385
-823 -555
233 -912
-987 802
-937 -466
-289 819
-476 -703
48 -5
-116 -373
630 -314
-561 -882
48 131
-358 -482
-760 369
-450 217
560 -668
-877 996
16 752
988 974
205 363
-217 405
-544 60
-831 51
-905 80
-210 -452
-8 -318
37 76
-191 674
-976 -113
-65 334
776 -106
434 -408
-704 -108
155 -485
-170 -958
861 -190
337 499
-214 449
-869 -792
-853 -147
-875 -671
801 -342
226 -63
700 -618
-210 662
391 857
404 872
305 -133
-304 396
837 -992
321 696
518 -740
-711 -934
340 -767
458 -771
-473 -109
-300 638
381 -942
96 599
-257 723
424 -305
-554 -742
-702 -996
-787 -92
9 647
111 -174
580 883
-222 -471
941 -608
-235 -583
-632 423
-555 106
139 -728
-950 -741
-259 704
-427 -180
-643 21
372 -710
-426 -50
-422 -764
-502 -496
-152 -38
807 -394
-162 -371
169 727
-914 -615
885 -782
436 451
883 -21
253 704
-108 -731
-250 175
573 478
-345 822
855 -701
-12 640
-512 -605
-650 623
930 -979
491 423
972 755
-878 -571
-246 508
-550 984
669 -155
-123 -463
363 -869
2 848
-698 -468
806 -55
-535 889
356 428
754 -833
-402 251
-515 -432
847 -305
-818 -432
832 796
451 508
443 846
-315 -232
457 -12
708 -799
-938 -844
757 -118
651 365
-176 -742
-290 -483
701 110
212 963
-615 -671
-422 -4
-723 213
600 -507
888 746
965 -793
-492 -604
-665 490
986 112
-115 -953
-540 833
-876 932
211 561
-965 -242
-952 385
-350 759
-772 828
882 -426
104 -2
-753 558
186 -993
-755 723
790 179
-880 806
-241 -368
903 524
-713 384
989 731
-269 781
400 818
682 -671
-218 -684
-583 -902
-603 426
137 -246
-140 -408
206 874
-771 -666
272 288
-835 473
-751 -879
751 -413
-961 -745
276 423
-872 -948
-581 -485
-149 -640
422 -130
455 -36
99 -646
-932 19
136 -300
-891 639
-985 -349
446 591
997 -753
922 -402
-672 -672
974 -724
-773 -698
719 9
-910 8
973 -561
649 -811
-154 729
-660 244
-341 40
129 451
828 -401
917 114
-120 39
583 -306
-258 414
-722 -12
-366 196
-538 607
906 -952
756 -175
878 61
-242 -627
81 464
662 782
-936 -750
-506 -3
-776 39
-884 -689
-253 226
-191 -432
25 970
33 673
906 -986
736 -912
218 -447
-189 -724
-773 -250
-221 480
-321 -926
-141 -617
-455 -805
-306 -933
466 -325
-846 249
-434 -19
-845 -799
-363 295
-780 -972
338 -768
-935 547
875 -719
214 -970
-619 762
720 -987
-549 -443
-727 -1000
824 -531
-267 -42
-229 -966
811 81
-307 -352
-961 -999
-985 552
246 -326
560 -344
32 -750
-157 551
-187 919
424 532
-156 -854
326 -694
-907 171
242 343
760 -163
-968 834
754 -640
189 923
995 -835
-372 -404
332 265
-422 11
-57 937
-390 785
456 -681
-347 -627
746 869
625 -807
-482 -975
-820 -504
321 877
-340 791
794 14
-632 752
-768 -940
-359 136
286 -498
834 -75
679 760
962 -441
-256 637
755 601
731 540
848 224
-77 -622
535 -368
-115 -50
720 -822
503 -339
-744 -871
394 -704
875 -17
913 874
-868 -256
-752 -725
710 640
-631 789
238 179
110 216
136 -710
-800 -383
141 -734
-887 654
115 -405
751 -760
-635 -866
44 748
332 892
388 -589
341 -932
2 35
-17 -561
325 484
632 -392
-986 154
-107 -75
-121 374
944 249
-980 -220
-886 -841
-132 69
-774 615
-840 605
697 497
403 -195
432 -317
-929 -693
-719 -796
55 178
801 -420
-571 -422
-252 181
-21 610
-105 -958
-982 213
968 203
-566 122
-746 227
976 914
-843 969
-423 459
-534 -469
418 -961
992 -284
266 494
889 801
367 122
81 191
-605 599
881 454
811 -29
30 -17
-25 841
977 -78
210 -737
-729 109
-67 775
6 862
889 -274
-252 -517
738 609
-30 -163
-554 -134
-891 -611
273 -816
-637 593
408 56
540 688
615 -326
343 891
993 43
596 856
-41 607
418 714
813 -663
256 -328
674 856
-248 225
36 -419
89 66
-702 385
-815 360
-170 -386
150 -334
76 840
-465 -338
575 534
307 716
3 334
-757 640
-573 202
-743 85
-198 64
-852 305
-753 550
-724 190
390 -197
631 174
-359 302
-626 405
447 328
-935 349
521 -791
-280 -600
-3 584
-734 372
799 -44
368 -325
-726 557
832 78
610 -8
-736 -89
137 -321
866 -288
640 997
395 743
415 368
961 -200
-484 -10
-536 -599
519 636
-711 506
725 423
668 643
-820 955
244 -863
932 104
43 -672
-972 -906
919 899
306 298
225 160
-305 -209
77 479
144 -857
-493 427
742 -868
656 48
385 84
996 701
312 -70
261 682
-506 456
-883 -278
-937 220
550 -675
707 -734
105 982
564 -485
244 570
504 -220
467 -699
-642 -575
397 -558
-868 -601
187 139
-818 727
-611 305
-354 931
-427 -937
-138 99
676 -82
723 979
602 930
377 106
350 524
-8 -589
383 141
-535 -511
241 -191
-124 722
846 579
-452 218
396 -963
935 -637
-687 -215
865 20
-457 249
438 37
-100 -789
-716 987
777 -580
328 144
-193 102
585 -310
-153 -264
-457 85
-34 -401
-563 -42
-852 638
-984 956
-564 142
-767 -584
853 865
-588 878
-341 -246
172 559
448 -7
207 -138
-526 220
-392 -447
-903 496
179 47
619 -366
-559 341
793 888
79 587
-583 -412
400 -571
199 -906
-712 576
-822 -949
-700 -893
578 15
-516 224
5 947
501 948
-331 747
495 -980
-828 -558
-591 -547
211 -188
792 -844
-411 570
123 -407
699 -836
990 -975
70 68
-823 437
-762 -839
547 166
-899 64
-374 206
316 -112
585 -128
