5000 5000
687
310
3264
3163
4451
2751
3360
2223
4641
3879
2493
4159
3190
1724
1579
2819
4824
2087
3658
4530
1884
3118
2396
4458
1722
8
2491
3035
978
1274
403
2325
1711
156
1227
3497
3944
2419
4955
4879
2487
2761
2822
3825
1739
2997
4383
2128
4297
3206
199
347
1462
2949
4027
583
2201
4146
940
3617
1830
3093
3800
4585
4167
4185
1714
4693
4782
382
3602
4097
4511
1468
3934
3804
1279
1080
1901
1255
2686
2233
1284
3529
2884
4377
3260
3227
1838
1190
1747
797
3907
4115
524
4882
117
1409
4629
3683
1580
4942
1516
2160
2916
1569
433
3425
1452
2449
4360
3102
2687
2737
2963
3376
1066
3995
359
2623
2851
4619
1171
4074
1268
356
560
119
3099
3939
1638
1323
188
534
2833
1946
3640
2502
3899
3484
2660
781
4219
353
4665
3912
2988
3307
1042
1294
1642
1373
3042
4885
504
1397
3149
2363
3480
4430
881
4886
3024
1314
3358
4669
987
234
2569
2492
1603
3796
1501
3350
3145
2378
4220
2765
615
1163
4514
4112
2630
1636
535
3773
277
3701
3630
3342
4776
4529
4526
4957
1153
2542
4329
2899
1502
2673
4016
3715
673
196
2359
3962
2718
2125
657
609
605
4413
3253
690
4397
2482
2967
1622
1733
3513
346
3539
4079
3157
1410
4726
1833
186
766
3173
924
509
28
3372
2162
2094
1582
1759
3543
4786
2947
4201
116
3075
4400
2591
1282
3647
1053
4831
3772
655
4064
4838
4778
3694
580
2706
3507
4457
2267
1934
4446
636
1522
1304
174
2599
3397
2570
1825
1786
4600
1315
335
4186
1574
4988
1485
974
1705
81
3516
645
3930
1558
85
3696
421
3601
4198
3059
700
1407
1476
4813
25
287
4187
481
1763
824
2792
3429
3611
2732
3491
3745
160
1309
2801
1635
2018
453
1356
3840
2744
1597
2435
4610
1512
1939
1076
398
1016
4020
2828
3314
3675
1871
1146
726
366
1361
2461
1414
3762
1767
3383
1182
4316
3987
4959
2076
1451
3857
2136
3650
3212
1007
77
4606
2974
3938
2985
4842
3642
4189
1756
599
2607
4907
3299
3472
2615
2062
4926
650
4072
3868
4268
2361
2513
98
4531
1403
3091
1952
4384
4246
1195
3337
3761
4495
2021
3366
4602
3668
4061
4533
4269
4088
932
1503
718
3045
1809
3801
551
3915
3963
3898
745
4326
2078
4059
3955
2066
2983
128
1127
189
826
3703
4660
4083
78
703
842
3890
1365
825
3651
4804
3420
1425
4595
3941
1418
1011
2075
1347
288
2779
459
3536
3644
1141
1539
3301
672
3156
214
3036
1183
450
2408
452
292
3733
423
2968
4826
2760
2740
4330
4464
1626
282
1766
4096
4730
3670
269
3910
988
3805
751
24
1527
2337
4512
2641
1254
1229
1683
1244
1291
3569
4991
494
760
289
420
3880
4205
2302
1481
990
2804
4927
3889
3945
124
2485
2659
2512
2195
1734
3160
1443
533
4190
713
3758
2072
2480
1337
4120
259
3574
3224
4890
2830
2714
1695
3011
4293
1269
2394
613
4291
4278
3065
1438
3416
802
902
4500
1172
3238
3017
4203
4765
3051
3241
587
7
2897
2938
4589
4960
2597
1162
244
4181
3698
4434
573
938
1742
4416
2261
3389
4463
3746
4107
696
4480
705
909
3066
2783
4663
1795
4240
1621
1129
4303
3304
3781
2975
4504
1708
2306
1257
1824
55
2124
4014
1564
559
1525
4845
2384
4893
4554
2426
1214
495
4806
1105
4355
299
4828
2113
1114
2013
527
1234
1211
1017
4968
1880
3599
3338
1859
3349
1437
1465
1116
279
2422
4880
3394
1002
1322
4733
1169
3340
22
4963
3127
4871
3717
1818
2303
3343
4686
1411
1311
3558
1821
2873
2293
3802
2003
591
3798
2709
1890
2539
364
51
4214
2520
2680
3526
931
1605
2252
2176
3725
3013
2275
4901
2742
2902
4098
1419
3202
4676
4523
2815
100
280
4980
2820
575
2444
1682
1379
2239
4080
270
2972
4292
2338
1032
4251
2955
1427
4582
3295
2610
3616
3311
3225
631
4474
3467
3104
4734
2724
1194
4225
698
4234
4724
3488
3783
154
4013
3759
4716
3661
441
1865
3589
2756
4732
702
263
3345
4618
4153
3760
768
3124
2
3591
4919
2282
4121
2197
4609
3723
2098
3476
3496
487
192
149
130
4825
3721
2869
629
1210
4857
625
2882
1999
2281
4787
3992
666
3158
1175
467
4336
4547
2463
1929
1915
2238
1581
3492
1184
2531
4119
4687
1273
474
3423
3638
3493
2601
1575
483
2172
3461
2271
1199
1846
2454
3359
618
3808
4379
74
2654
1302
2525
4577
1507
4275
342
2429
113
3391
4228
3931
597
856
247
3396
3282
1148
4021
2886
1191
418
4985
4108
1992
1143
844
4380
4607
228
4873
4089
1632
378
3906
1212
1405
1931
64
4931
2618
3996
637
4789
1851
4496
4456
2036
2911
634
1222
4423
3205
430
243
929
500
2353
4338
1659
2632
2362
1602
1758
339
3925
2553
890
957
1445
2294
790
1715
2278
4118
970
4877
1380
482
4576
3393
908
61
3007
2167
338
561
2232
33
392
3620
1223
3531
2731
286
737
1028
3088
2083
1092
2400
429
3153
4843
1236
2544
2192
4285
1334
2381
758
1029
3428
4763
283
4449
3174
1975
1444
3597
757
2933
3547
3390
1691
3473
1270
2104
1082
4936
2683
1827
4640
2581
1096
915
4264
490
1594
3538
1806
4643
2614
4138
4333
4753
388
4699
4962
4155
2417
2900
419
1253
1710
115
681
2112
2024
3606
880
3856
1186
3044
1326
3894
2182
2030
476
3457
2587
1044
3578
4283
4540
4226
503
2095
3845
1412
2745
1651
97
1340
1562
3216
129
4123
715
4065
1249
4793
1911
2676
4754
4347
2430
1349
3833
2123
2130
2692
4615
2458
3690
761
752
4983
2811
3303
3836
4605
2624
2708
2047
31
1644
230
1
723
1376
3130
4
4298
579
2980
1692
1008
2561
4861
595
2567
4667
3430
4760
719
3977
1263
3141
675
4701
3305
2693
3486
3970
4769
3743
4460
1245
492
405
1864
2011
451
14
1812
3776
4815
1416
830
4368
1209
3918
1298
3336
3913
2079
3074
2527
1895
2806
3896
562
1378
1523
3548
1061
416
4018
436
2799
4735
2620
4775
1000
2753
4741
1618
1903
4170
4390
716
870
862
1150
2149
2582
895
190
798
1120
4868
4006
3692
4348
1630
118
4342
34
71
1207
3053
315
2540
2025
1941
3714
3388
1040
4162
2256
2250
4964
3926
4142
674
3112
2585
1144
4412
2787
912
127
2222
651
325
2318
2214
2464
1943
2354
1560
2509
2288
2684
3702
3080
903
2385
710
1823
1177
1905
1544
4924
2578
4122
2789
2229
4866
4048
1352
147
1235
1012
2093
1372
2565
295
2091
4501
2387
4388
2508
1075
3079
4343
3643
4897
3120
3525
105
1765
1570
1974
1400
3252
2310
2727
363
3888
1611
3971
992
4001
526
4943
408
652
4972
1690
4011
4572
2584
2905
1102
2736
1180
2010
4808
2071
2918
3434
644
2532
3604
1447
3339
3395
4979
3380
4645
1287
1478
3936
4076
3135
2165
3546
3412
1654
1434
3114
4254
1612
516
4536
3117
3408
3917
3217
4578
3155
4095
975
4799
1423
2847
4691
779
226
168
1874
3610
1950
1505
235
3859
2837
2989
934
1350
1877
4494
4148
4044
4722
1221
3682
177
1432
2473
2348
2323
4941
4232
4378
4129
2818
1296
2782
3554
60
2516
469
2409
4574
3949
3961
4522
4444
1009
3822
4534
4247
3720
3201
3892
2841
3561
1839
4244
3377
1610
2656
1595
4408
1299
3188
2993
1536
371
3865
3712
1723
1559
1980
1345
952
660
2118
2211
4761
1453
1324
704
52
2590
394
2150
47
3664
3787
1729
4953
3324
1357
1119
4773
4105
3369
1277
3137
3184
3284
3028
2215
1607
3794
2488
4584
3279
537
3292
1704
3474
2511
2007
4067
1685
1181
3138
3663
4019
3049
2285
3706
1599
1927
4117
3321
4891
1782
2518
4312
3914
4628
126
3965
4352
2193
3553
3161
755
1216
686
3954
3219
4362
3353
1754
2152
2735
3069
410
1876
4192
23
4385
4332
2442
4302
3596
3872
2200
2996
3483
1504
4518
3520
1134
3820
1046
3466
1998
3437
2575
1783
2147
832
2589
1529
1672
3487
3964
3986
1085
2324
2462
3790
4860
4447
670
1178
4005
3662
3935
917
3823
2664
3374
4166
4738
458
87
2376
348
1426
4622
3452
2832
4543
391
285
4317
3852
4215
3989
2440
2264
2915
821
2451
4900
2262
749
2061
2917
1624
2367
1619
1543
4441
3495
2991
888
3489
1348
4570
497
2279
3901
3245
404
2060
4213
2019
4689
4790
4230
1546
2843
2257
4881
1942
2134
4258
3755
183
3730
3186
281
891
980
262
4694
3641
632
2699
3327
1698
1957
602
626
4420
4255
2373
3853
3274
1886
4743
2089
4405
2548
4712
819
4262
4350
656
1208
3542
2242
3469
1954
1745
2346
1988
1422
3855
2602
834
4407
12
3887
1984
62
54
3780
1151
3443
3329
1377
1310
1246
3634
82
3404
3573
4976
1072
39
2296
1902
4596
2550
967
1317
293
3444
1688
3406
345
112
742
223
3976
2733
1491
668
1590
217
2652
4497
2796
4770
1989
1584
3236
4739
4829
598
789
4696
2114
606
3331
1593
4052
291
4085
3765
4060
4862
763
1551
796
4249
4975
515
3871
409
1417
2657
1924
4199
3998
4917
1944
1440
3159
1728
3288
4679
2726
3585
3695
2658
4472
3442
3900
66
740
3180
4914
2443
2720
4391
1849
446
1045
4017
4369
4796
3500
4499
3449
3718
3831
3579
3402
1388
302
937
1976
1331
3364
1493
3875
193
3111
4144
1973
1668
253
3940
18
2945
864
900
958
2758
1831
3799
4515
4637
722
3614
2277
3068
4945
2312
4308
3648
1706
1280
889
1845
2613
1592
647
2101
2403
2334
2204
4887
3740
2600
2416
15
1059
2543
2864
4994
470
2650
4586
1627
2086
2067
3015
4951
3581
3315
4432
2102
1556
4143
1360
2034
973
139
1278
557
3136
84
1648
3797
1885
417
3629
4833
4657
443
375
3874
617
4961
477
2763
1271
1065
312
3176
3672
3795
2017
4094
748
600
3674
2452
2050
2690
3844
3286
4417
232
3729
4424
3123
823
805
2289
2127
4486
464
4840
3125
4848
3222
3532
896
2077
48
1238
778
3291
1351
630
4633
2573
738
4267
1500
4690
701
1264
3384
1202
907
3867
498
1897
390
4091
76
2636
1341
2340
1230
998
4191
2651
2207
1160
4321
884
170
1530
2759
2959
4396
1404
4403
4340
2678
3813
3078
92
2135
4376
3886
2427
3325
4517
197
3727
3956
2871
3932
2634
2043
2051
694
1601
2358
2099
4345
35
2695
989
578
2521
793
4099
4758
4569
4709
667
256
1515
99
4966
608
2769
4528
897
1179
1258
145
153
3843
3984
810
3974
4277
4339
3590
2691
1788
1879
4896
121
2457
4489
3980
671
4940
2962
4755
3815
3083
3426
2168
770
2935
3010
3459
3560
393
1780
4592
4620
57
4202
2643
1591
3363
1313
4970
2537
4290
3418
1099
1947
565
4440
750
1930
2208
3226
4544
2413
1616
4681
4238
3985
3689
4103
1751
3551
4814
899
854
2973
2159
1013
4210
275
227
995
558
4683
1241
4967
1204
3478
257
3235
2360
506
3263
1487
4623
486
1039
3626
3508
3046
994
2210
415
2103
3237
628
3997
3362
996
593
4762
1145
2621
3947
2460
3275
3834
3244
1225
3742
1889
2927
3273
4140
4154
4366
3463
3557
2535
4221
3523
1740
3927
2020
785
4556
3021
360
2369
4884
1015
455
1854
4590
4031
3654
3464
1720
357
2455
3352
4869
4452
1156
4599
735
3736
1907
2712
41
3439
3041
2065
1293
1956
4981
4913
484
1881
4674
548
3031
3991
2322
2866
2566
2115
2315
910
1815
2059
1288
3289
894
4876
2713
3946
2456
3937
3367
1557
1781
351
1798
709
3530
4493
1669
489
1548
4557
402
3106
4711
3559
2675
720
1461
1814
4561
2048
2929
3378
3960
2559
1121
103
3410
1665
274
1855
941
1260
1858
1967
1962
3994
208
4832
3318
3988
1369
3254
1755
4834
2251
811
4652
2054
568
1111
4566
2667
4695
2085
3750
2952
2612
4300
323
2004
3534
2633
4428
2826
4289
1387
4318
4844
4194
3957
4792
4802
1872
1853
546
439
3482
3143
1098
4772
746
4810
3851
3624
2246
831
747
132
2244
3829
2738
3281
3257
3751
977
1913
2773
290
541
4490
4183
3673
4688
4073
3110
3619
4381
3280
4977
721
313
220
4437
4818
739
148
3665
2386
767
2240
3033
2956
2631
1088
3959
588
1472
2100
708
2896
4039
3741
3194
194
3119
1107
2555
1031
616
4820
1353
278
4671
1721
3583
659
1836
438
2070
3319
2778
2166
4411
3646
1495
2829
2816
1813
3549
4393
2209
945
4481
4851
344
4286
43
648
1718
2053
2526
623
4612
1860
865
2410
203
2224
1677
1112
1585
4998
1760
73
1534
377
1663
4616
3171
689
2682
185
1857
1822
3086
3213
1979
2203
3819
1301
3754
4266
839
2040
1769
949
1995
570
4274
297
2558
4488
2890
1997
330
863
2479
4223
2767
4952
1674
411
1019
4746
2510
1095
1490
468
3371
2748
3001
3550
1916
4070
1898
2143
4314
2234
4100
1396
3848
29
2919
4049
1060
4465
2411
4086
1456
3870
4231
358
296
4207
4562
2414
2824
799
622
502
3166
3152
3341
3103
1338
3657
42
2984
2921
4708
1441
801
2932
2319
3498
1882
1948
1131
2185
4702
3633
181
2181
146
508
4507
4670
407
3081
2536
3139
2190
979
215
1801
4947
3020
898
465
1386
2874
887
664
1617
1667
2405
3060
4356
3417
820
2743
2161
4715
4872
5
2248
2141
38
3884
4025
1010
4294
4147
4705
1552
2856
4938
1262
2031
4322
4224
1749
4564
1524
3256
200
4864
2109
816
4263
2292
808
2297
4944
4895
4305
3592
1888
2595
4315
2538
21
1336
2749
1325
928
1077
1047
3707
1573
175
4588
2647
4004
1480
224
1935
164
1370
131
1800
4310
2850
841
835
1791
3419
4839
80
517
2421
947
4934
1978
1985
4422
2342
1250
3228
1639
1064
3070
1086
4737
3782
1018
2563
851
1285
3972
3012
3446
384
1764
462
3150
1142
1547
4809
3122
1850
2425
2063
3265
4459
2913
2987
3766
3105
2665
2557
4319
1649
1671
1205
3006
3671
4601
4668
1892
2781
2157
2640
4756
1925
367
3789
1848
4468
2964
3172
2730
3518
368
1586
4855
1069
4174
5000
4237
4664
1174
2218
3688
2994
2903
4034
4858
1375
2580
3722
434
260
3192
2121
1779
2305
1275
3609
3846
2316
321
268
1970
179
2156
547
4648
4270
3753
167
4026
2752
1103
2243
1036
496
2116
316
1159
337
4062
1228
4392
848
4821
4805
1697
1038
2533
4774
4910
1166
942
1233
3134
2977
1005
3477
4035
1748
4863
1566
3993
425
3810
1900
2370
2910
885
838
505
3132
399
4239
3699
4527
4912
3708
3607
822
3734
1938
3600
4195
2701
201
1329
3562
1875
4084
954
4791
4548
913
1243
2041
2390
1951
252
2022
4313
1155
1110
3195
102
4200
276
2097
3278
4487
2909
2644
89
2593
1588
733
1893
1972
3287
1307
4053
3025
180
2198
4909
1232
6
4284
1726
4801
3905
4725
3982
2481
1510
2227
1083
1165
2146
2393
714
4033
2392
341
3204
2418
1168
4212
340
1424
1820
4996
4063
1707
4759
4161
741
1402
4928
1363
867
3332
3320
1097
2231
3356
2556
1792
640
3632
3421
250
3869
2286
4653
3828
4365
3622
1794
678
711
1101
2144
3515
2265
685
1991
775
3631
935
3375
3519
772
4024
582
3109
569
3724
3777
2081
3148
861
2797
30
532
4817
2357
151
1247
2268
242
1797
2287
1658
590
4421
3385
2754
246
4593
3121
3413
2619
3037
1526
4565
4427
1949
2045
4816
157
1774
3891
2639
4658
4923
4837
4450
2603
3468
2771
3097
2235
3450
463
229
4905
1808
1292
4032
4729
3504
2199
3580
3826
1554
4116
3850
1224
2860
2459
2196
3659
4296
3807
4948
4175
4082
3908
1252
1489
1856
3089
1883
4542
2254
3387
2365
2668
2908
642
3827
1969
3876
4078
2514
1330
2308
1289
3942
2032
374
1140
2027
3435
1625
1689
2420
4055
3460
2845
133
3652
1541
829
2798
4043
485
3948
2642
4749
333
765
572
2202
3749
2446
2329
1124
3788
4915
552
2880
4102
211
2689
2755
4141
1738
782
2002
1717
1354
1460
20
981
2739
2055
4625
2431
2629
3322
4353
4846
2082
1138
2184
2794
3267
472
2058
4721
845
63
1694
984
3653
2802
964
1538
3738
542
2907
1448
2854
1623
3666
4128
2000
3786
2617
577
584
142
2741
1474
959
1785
4508
2562
1358
1297
683
2163
545
365
2380
414
1656
4558
4714
2648
4545
3379
3115
4706
4058
305
1629
2545
3177
1286
2951
3645
540
4973
1475
1802
4525
2276
2309
273
4130
4903
2320
4933
2524
4068
3454
3775
3863
1567
241
906
4946
3085
422
3503
314
137
120
1657
3824
2164
1676
2878
2436
556
1049
1206
3687
1433
1037
2088
4177
3577
258
4419
4165
2810
1640
684
3092
2441
2982
3101
2625
284
1587
370
3107
1406
1316
4597
4351
2241
3447
3386
4646
1157
4713
3433
734
2412
4997
4559
3779
1133
4803
3485
207
3055
1772
3398
3811
4260
2969
743
2868
3361
2978
1401
2515
2415
4012
1757
1709
538
4642
2576
2382
1139
3004
944
2681
372
4320
3405
1787
837
1828
3113
619
3686
872
2605
1094
4650
3030
612
3691
4929
4798
1391
2307
4387
871
2270
1421
2339
1383
4404
688
4767
512
1670
3455
2368
1239
2904
4644
4087
4654
2352
596
4608
2499
2912
3330
2728
1589
611
1805
728
2255
836
1904
3451
1439
1073
1735
2469
4037
4163
40
1790
4509
1034
536
4111
1030
1308
106
2703
3266
1457
1703
725
90
461
3456
4707
4233
1914
4535
1164
4002
4920
1887
3047
3705
2662
3517
3588
1074
3812
2750
814
26
2154
4402
2517
2371
3570
1511
457
2805
4363
1532
1650
614
4361
2401
233
4057
2579
3298
271
3506
1968
4389
4956
1428
1382
3026
2669
1389
3837
2849
4003
1479
2477
4736
1537
983
1466
349
2839
3639
328
4466
852
2568
212
4661
4406
2321
1869
2119
1318
3
1533
3029
426
135
2273
307
1643
1050
2188
1321
4898
4811
397
1196
1509
2177
807
4752
1518
3162
4639
1483
4133
1549
2029
4222
953
2495
4182
3064
3667
169
1020
3752
976
833
4745
2397
4045
4899
771
3816
2831
3767
2970
1873
1741
2327
4779
1192
699
1496
2995
3540
2791
787
248
2505
1896
3462
3144
3883
4870
795
4680
1056
3054
1921
4250
3179
4442
2504
544
1542
3182
1996
1701
3501
1606
1928
4502
2697
4259
3050
4992
187
2300
3979
2646
847
44
1936
2925
2228
1993
2126
956
4539
905
2158
1276
1817
1359
2823
2483
406
4124
4196
1335
3002
1899
730
4287
2174
2388
206
3475
161
4306
4281
4235
445
729
2351
1673
514
3841
2105
4056
1744
3140
1290
1420
1492
2928
3344
3613
3128
1535
385
4649
1750
3268
2259
2685
1937
3728
4126
4819
706
3756
1832
2808
4999
2336
2138
2314
114
2946
322
712
2379
152
3656
4937
195
4271
1863
2858
3258
2432
4106
3791
3565
354
1327
4169
4651
1459
4859
1058
564
813
4054
2958
163
2035
1123
3000
4513
3255
2840
454
3208
4935
4217
531
555
828
3595
877
141
1137
2702
4051
3700
3297
1700
1811
4503
2729
1807
2762
266
2888
4357
4114
1696
3983
3739
4742
4847
303
3748
2489
2859
3902
3909
2688
2723
2221
3414
1990
4453
1430
1652
3923
4546
943
1219
4335
2084
1130
1926
1025
1793
2344
3564
4581
1843
4728
1966
3203
4841
4624
1826
4794
3209
4830
2206
1398
158
571
238
1712
1731
460
2217
1497
3528
4295
478
4229
380
3008
2717
601
4978
1555
3248
4110
396
1922
3207
1486
1193
2943
3793
4659
2776
1614
4984
1488
237
2926
191
4626
1517
1408
4788
4553
3306
1052
3803
2219
1014
2901
1841
840
4971
2942
2649
3660
916
2954
641
3445
249
3685
2169
3555
4135
4740
4373
2795
4892
2552
4125
2889
3860
2965
3348
448
3061
4718
1520
1686
930
4784
4560
2863
1084
355
2564
172
868
1385
3023
107
610
1237
3713
914
1117
695
2447
36
4328
3071
352
4137
680
882
389
4551
1963
9
336
1844
3229
2044
94
176
4288
3933
140
1736
4092
95
442
3272
49
4878
4783
4307
886
2129
784
1933
3916
1891
1655
1198
4491
4414
3243
1108
4145
3034
764
3735
1906
1305
511
4273
4485
2592
4180
620
1484
4611
225
2666
3309
1126
3481
4865
3817
2122
911
3567
1197
1136
1471
2825
1847
3073
4634
2080
972
3067
4908
3312
3924
933
1381
383
3310
3922
2437
3323
3471
682
4341
4077
261
4382
298
875
2594
2117
2705
3019
4888
1835
2920
2476
4261
2865
1125
922
2852
999
361
350
1026
2496
2398
138
4684
3246
373
1173
892
3603
13
2711
1167
1091
2715
4800
4131
4136
3328
1242
1840
3710
65
2626
2812
2813
317
1945
4127
4812
4236
4567
69
166
4777
475
1071
4678
1719
3854
635
563
2151
1870
1342
2445
754
4932
2399
4969
1109
2290
1003
2941
306
1506
4575
997
1006
4324
769
804
331
1878
205
155
3294
479
171
1213
3057
4764
4519
1660
150
780
202
3251
939
4505
231
2107
75
2213
876
4473
4965
4075
649
4184
3594
1940
1261
1684
2887
2560
2734
2092
2775
4621
1600
513
4750
1035
3895
1753
2478
4479
3453
759
3218
3381
3873
3441
1699
2898
581
4241
2785
37
2313
4038
3084
1631
669
3953
1132
1256
4692
2574
3747
2253
4700
3545
2770
4179
4563
4435
960
210
2817
986
1545
2170
4771
4939
783
3521
3317
2857
4354
4467
2404
3431
1154
2846
843
3505
633
3167
1226
1473
3769
4856
3881
3785
1917
4022
1203
3027
213
1796
3990
1100
679
209
2236
2694
4532
693
1215
3234
2448
4042
3108
2867
677
2506
239
662
3514
2961
1498
72
2638
1312
1048
3966
32
3711
3293
3623
2793
1220
2249
4438
3929
4304
67
866
3094
2074
3904
2332
2924
3147
2033
1450
1661
4359
2263
4448
3465
1628
855
2142
800
3858
4050
3527
3039
1355
2931
665
2187
491
3181
2374
857
1521
653
4675
4171
3308
3440
3290
2258
1862
521
717
3952
574
1598
2622
4630
46
2583
4747
4483
2894
3587
3168
4399
1861
2347
3193
3838
3950
4902
204
627
4280
386
794
254
1578
3436
401
488
3165
4552
2999
1778
520
3563
16
1390
1960
4781
1265
2827
3432
2872
4795
3043
1303
2009
3704
4766
3509
846
1306
1965
1189
951
592
3618
1063
4101
216
2494
2838
3151
2006
3052
1449
4538
1067
2780
1300
530
2467
4571
2757
1645
985
3277
4591
4921
2861
2855
2707
1568
311
2328
45
4248
4176
3214
3116
1679
3261
1319
643
4492
4431
4346
3239
2588
4537
1867
3621
3409
3048
96
2069
3249
4134
4631
1170
3382
4364
661
1702
2677
792
4439
2821
1118
604
2335
3196
3189
2391
3978
2948
2073
3392
3062
3575
2774
803
1961
731
2572
4069
4710
4823
3676
4911
4604
412
961
70
3842
4748
3009
2885
110
4510
2179
1463
1583
968
2546
3133
1608
3973
219
594
1158
1482
387
510
676
134
4720
2725
2220
2934
2015
3038
2892
251
3806
936
3346
1819
2627
4930
4394
3681
962
3768
762
4227
3458
3821
4209
3866
2472
4469
3250
1113
2722
2311
603
3056
4987
3016
88
4029
566
2598
265
2577
2333
2140
2364
3231
1919
554
2704
1987
2108
1540
4367
19
3232
624
3576
4785
2284
3522
774
2836
1231
1128
3170
1837
4541
1561
4160
3582
4673
3864
923
3544
3357
2786
607
2541
1392
1514
3584
1662
2470
663
2064
1637
4950
501
4555
918
369
4344
4550
2012
2014
3830
3920
2842
756
4461
1784
1761
2225
4276
3814
376
4682
586
691
3215
2976
91
2291
1346
1001
966
4580
2766
1908
1033
3262
4520
4245
991
4852
4071
3655
1596
3014
2434
4151
3076
4401
4331
2700
4822
4173
3512
432
859
550
1470
4723
1399
1446
3187
2953
1971
221
424
267
4443
3862
1469
3552
300
1613
2295
1339
1646
2345
3684
4744
2835
4516
3726
3719
4727
3731
2349
4636
1553
1259
919
3183
874
2269
4081
2490
3368
3198
3276
4549
849
2784
2280
873
3082
3335
444
2571
184
2534
2500
1842
1641
4301
104
3223
4906
4579
4751
2484
1413
1773
927
198
2037
3625
143
3877
2423
3018
2008
2148
4875
529
2468
3510
549
4583
697
4993
3771
812
3677
4867
3809
304
1004
4768
2424
2800
4958
3605
955
3537
3897
1185
2661
4325
1687
3271
724
1894
4719
4482
4974
4150
1633
2375
1964
948
1429
2981
218
1079
2230
236
343
178
539
1730
4197
1986
2596
329
2883
3778
427
182
3499
165
4918
3233
3792
1829
3220
4703
1816
4655
1068
3470
2498
362
2696
440
3270
324
4041
2611
1912
2439
3096
1804
4617
2950
4894
2914
400
3669
3415
1775
3919
1188
2301
4666
707
173
456
2298
1122
3072
3502
2671
4672
4008
1371
2383
2145
4656
4158
301
1834
1737
4272
2606
27
3637
4989
3129
4309
1852
4253
4780
3774
2237
963
108
4521
3951
4030
2672
1176
3627
2503
4358
3764
4334
3678
334
2875
3693
4371
1528
3354
869
2986
381
3259
3005
1455
806
3334
519
3211
320
413
2247
222
815
3709
4471
2663
2497
1149
3635
4168
1384
86
507
2862
901
1104
3608
3566
318
2547
4000
2879
4613
4797
3090
1572
850
1087
523
3316
3479
753
777
2026
2486
4047
4990
1218
4206
3770
971
646
162
1953
123
4010
4242
473
1513
2183
1550
3763
2519
2090
1693
2046
4311
1362
858
2139
4193
2028
3438
4218
4638
1283
4677
3556
1771
1789
2893
2038
327
4299
3568
3572
1093
4627
3351
1200
3131
3058
4598
4410
4470
2507
159
2106
1021
3333
2016
1777
3240
1442
1217
1161
1932
2068
4028
3636
4113
2803
4874
58
3878
3399
1604
309
1770
4023
2721
3197
4409
395
2042
2331
3967
1571
2939
2120
2450
3400
3818
4954
93
3355
4188
1519
2428
2406
136
1918
4252
567
4698
1577
1563
4015
3928
4647
2389
4883
1977
4036
1436
2274
3571
4982
2523
17
3164
993
1251
4524
2549
2608
1716
2180
3885
4476
1366
2438
528
4256
2923
3411
4506
2355
3077
4849
3847
2529
1367
4374
4211
4433
2936
1681
2317
2330
3154
658
621
56
2194
1057
1576
904
4152
2777
1374
639
3911
969
2710
10
4807
638
2057
946
1115
3893
144
3365
585
449
1394
4349
3969
3861
589
2891
4573
4922
3326
2807
2998
925
2790
4375
2853
3615
53
1868
1664
4462
1620
3744
883
1106
4372
1454
4445
2283
1332
2719
3032
1799
3142
4436
893
255
1725
2957
2453
3003
3247
1727
1051
2001
3242
2465
2679
2395
3347
2940
272
2132
1135
109
4009
4904
786
1981
2645
1240
3191
965
853
2876
4854
1435
2966
3882
2186
3849
332
4594
1393
1810
3098
4498
3697
2191
1147
817
3628
2716
4455
818
4635
2005
1866
2768
4216
1910
3612
2356
543
2110
1089
1762
3832
2056
1267
4478
3533
59
4007
3373
1027
2341
3716
3200
4149
4204
2979
2171
2475
101
4279
3524
3598
1653
3784
1494
1090
2137
4757
2133
654
3401
1368
3100
2906
4282
3040
2698
809
1281
3285
4386
3679
2551
3313
2670
1081
3087
3178
4850
240
4475
1364
3283
1054
3757
2834
4986
1955
1201
3649
437
4046
692
1055
3839
1458
2937
926
4704
3175
3300
2990
2216
878
3835
1743
264
1187
2377
4835
68
1647
2746
2343
3302
2049
83
1615
1713
1266
4156
1803
466
1983
4132
3593
4685
1248
2764
2922
1041
308
860
4178
2788
2272
1531
3063
3146
4836
1078
1666
2433
2212
3403
920
2299
79
1678
2944
3586
3221
499
1295
2628
3737
1431
447
2131
1467
428
4662
4429
1508
4395
4337
2844
2655
1982
518
11
2096
1994
1732
4587
493
1333
1022
1923
2747
2528
2653
4104
1043
1415
2266
4172
3732
3448
4323
245
3981
2173
2848
1272
2023
3427
122
921
2205
4949
2960
3958
3210
525
744
2260
3095
2772
732
1958
4477
4568
4889
4139
2881
480
4484
4454
2870
2992
2814
773
2326
431
1565
1464
2895
791
1062
3921
1746
1675
4603
1023
4265
4208
4257
3185
4717
435
471
4370
1152
982
4327
3422
294
4415
2153
4090
2052
3903
2226
2809
2471
2111
2586
576
4398
3511
4243
522
2402
111
2877
4614
1776
2175
319
125
2635
2609
3999
827
1499
2178
3535
2039
4916
1752
788
4697
2245
4426
736
776
2501
3199
1477
1320
2372
3269
4731
2407
2522
3370
2155
3296
1768
3230
3424
2189
2604
2530
3943
1395
379
879
950
1070
1909
3407
4040
2350
326
4632
4827
3541
4164
1920
2674
4853
2616
3022
4109
3494
1343
4066
4925
4425
3680
1024
1328
3126
727
2930
2466
3169
1959
2637
2304
3490
2554
3975
4418
50
2971
1634
2474
553
1680
4995
2366
1609
4093
1344
4157
3968
657 1
2149 1
2925 1
2207 1
1528 1
2504 1
1076 1
3520 1
1976 1
3734 1
4174 1
1943 1
553 1
1044 1
97 1
4074 1
4138 1
4919 1
2484 1
2355 1
1866 1
81 1
4649 1
2940 1
683 1
3460 1
735 1
4472 1
4582 1
2190 1
4345 1
4645 1
1100 1
4273 1
3408 1
4781 1
3399 1
4940 1
4968 1
1225 1
1167 1
741 1
277 1
1718 1
1500 1
2366 1
682 1
4484 1
3940 1
4170 1
927 1
3177 1
1271 1
2028 1
704 1
2926 1
150 1
2560 1
2096 1
4635 1
2806 1
713 1
2268 1
4368 1
4766 1
2564 1
2325 1
4155 1
1039 1
3544 1
1872 1
2778 1
4567 1
2886 1
3700 1
4332 1
2335 1
4703 1
4260 1
896 1
3576 1
3983 1
4731 1
4733 1
4740 1
4025 1
4791 1
936 1
1973 1
3597 1
1608 1
2397 1
124 1
3291 1
4210 1
4681 1
3670 1
3284 1
4845 1
1310 1
606 1
676 1
3115 1
3280 1
1570 1
2220 1
994 1
2248 1
4665 1
1372 1
2944 1
1564 1
1230 1
2477 1
3921 1
1686 1
1972 1
1989 1
151 1
2263 1
196 1
4144 1
481 1
857 1
2516 1
974 1
2605 1
1064 1
1956 1
838 1
1578 1
2744 1
4631 1
2163 1
4083 1
3064 1
2125 1
3250 1
4828 1
4832 1
1597 1
399 1
1537 1
2201 1
4975 1
2358 1
1737 1
1050 1
1561 1
4314 1
4049 1
3566 1
90 1
630 1
921 1
2659 1
319 1
3550 1
4396 1
3320 1
4847 1
3439 1
1328 1
4367 1
1197 1
380 1
1915 1
4542 1
729 1
721 1
4595 1
297 1
192 1
1511 1
1420 1
2317 1
2026 1
4021 1
2157 1
973 1
4349 1
2361 1
3247 1
4918 1
4763 1
134 1
3379 1
1160 1
2752 1
4923 1
2757 1
2215 1
148 1
1778 1
3890 1
1953 1
947 1
179 1
2699 1
4162 1
3722 1
128 1
3299 1
4500 1
1548 1
2080 1
4902 1
1016 1
694 1
1214 1
4134 1
2060 1
3203 1
724 1
4881 1
3984 1
9 1
1575 1
2632 1
2672 1
1780 1
3151 1
1692 1
2700 1
3486 1
201 1
3118 1
2638 1
4278 1
1747 1
2463 1
4824 1
2300 1
1002 1
2535 1
1179 1
2669 1
3990 1
2276 1
1618 1
2549 1
2052 1
691 1
4655 1
12 1
1228 1
2707 1
2677 1
2502 1
3109 1
4076 1
1818 1
2588 1
3040 1
622 1
4480 1
4829 1
3465 1
3396 1
3868 1
3424 1
1061 1
4358 1
2093 1
350 1
1995 1
4320 1
3127 1
843 1
2401 1
1585 1
2687 1
541 1
3626 1
3176 1
1330 1
4838 1
3493 1
4504 1
2489 1
4102 1
208 1
1190 1
91 1
2363 1
4476 1
2027 1
1843 1
4057 1
2851 1
3159 1
4938 1
3092 1
334 1
1320 1
3604 1
4941 1
3335 1
3112 1
716 1
3652 1
2763 1
1028 1
1007 1
4462 1
2105 1
4424 1
4473 1
2140 1
3123 1
1609 1
3573 1
3298 1
3130 1
4402 1
3019 1
4807 1
1804 1
4920 1
4592 1
2586 1
1098 1
1505 1
3410 1
2430 1
4786 1
4208 1
2432 1
3459 1
2814 1
4508 1
195 1
779 1
2505 1
1552 1
2444 1
109 1
2539 1
1623 1
1014 1
2589 1
554 1
700 1
2239 1
970 1
83 1
3980 1
2241 1
3025 1
3071 1
114 1
2791 1
873 1
3547 1
4773 1
4494 1
3850 1
4691 1
2264 1
451 1
2290 1
4125 1
2794 1
4955 1
1430 1
4711 1
3234 1
1980 1
4036 1
2536 1
1286 1
173 1
2987 1
1048 1
2356 1
3456 1
3172 1
1507 1
884 1
1392 1
3142 1
1680 1
1959 1
4050 1
867 1
3982 1
2597 1
4579 1
549 1
2965 1
4219 1
3609 1
2349 1
4243 1
756 1
4962 1
2081 1
226 1
3519 1
3773 1
632 1
1365 1
708 1
955 1
4328 1
2915 1
2066 1
759 1
2467 1
2991 1
4568 1
1594 1
4814 1
3601 1
943 1
408 1
4133 1
120 1
777 1
1270 1
1773 1
4281 1
3504 1
574 1
3441 1
839 1
3779 1
1352 1
2420 1
3495 1
3639 1
4375 1
4928 1
2997 1
1164 1
4710 1
1036 1
4748 1
1025 1
4637 1
4139 1
322 1
2917 1
232 1
2059 1
826 1
4232 1
2483 1
1512 1
4958 1
1356 1
829 1
3031 1
330 1
2345 1
4778 1
1359 1
4891 1
4199 1
2884 1
1648 1
4307 1
3578 1
4034 1
2254 1
776 1
3967 1
4027 1
2951 1
1963 1
3453 1
1600 1
2571 1
1749 1
3169 1
3516 1
2845 1
1579 1
4449 1
4103 1
2581 1
77 1
1246 1
138 1
3969 1
2161 1
1003 1
4953 1
763 1
4183 1
2441 1
2531 1
3421 1
4527 1
3878 1
373 1
1911 1
2722 1
1631 1
4360 1
3769 1
4204 1
2594 1
2283 1
2011 1
4366 1
317 1
1783 1
115 1
1353 1
379 1
3922 1
66 1
165 1
715 1
4407 1
3991 1
4350 1
4079 1
4465 1
3803 1
3756 1
1691 1
2091 1
1085 1
1482 1
1470 1
3750 1
329 1
1022 1
924 1
2860 1
3050 1
2225 1
4385 1
4290 1
2717 1
3405 1
4836 1
2154 1
1240 1
3917 1
154 1
4035 1
4837 1
2454 1
1890 1
1293 1
3189 1
2712 1
199 1
1134 1
607 1
813 1
4607 1
2955 1
4129 1
122 1
2898 1
1927 1
3812 1
2855 1
1211 1
2181 1
2238 1
463 1
2464 1
1917 1
578 1
2850 1
2590 1
4499 1
951 1
4964 1
1267 1
3444 1
1819 1
3800 1
4623 1
2515 1
3928 1
3735 1
280 1
2014 1
3317 1
2281 1
543 1
1180 1
299 1
4666 1
3956 1
4560 1
2472 1
4251 1
1533 1
3825 1
1725 1
3904 1
472 1
2279 1
2801 1
3111 1
2666 1
4039 1
2551 1
3418 1
4387 1
3367 1
2912 1
3253 1
2950 1
3776 1
239 1
1969 1
4529 1
1257 1
1321 1
3731 1
145 1
3953 1
3065 1
2110 1
2365 1
4727 1
2079 1
395 1
3053 1
495 1
4563 1
4848 1
2186 1
3943 1
581 1
1942 1
3932 1
912 1
876 1
2731 1
3924 1
1325 1
2474 1
346 1
2342 1
2100 1
3305 1
2708 1
234 1
16 1
2259 1
4181 1
4983 1
3686 1
2872 1
2750 1
2796 1
3711 1
301 1
4519 1
1 1
3121 1
3513 1
3717 1
4960 1
2273 1
1309 1
2445 1
1116 1
3208 1
3000 1
2544 1
1947 1
1405 1
2090 1
2618 1
4180 1
677 1
4293 1
132 1
3105 1
2869 1
3229 1
4302 1
825 1
4163 1
4822 1
214 1
268 1
762 1
271 1
764 1
3239 1
2329 1
1299 1
3540 1
2151 1
2530 1
1940 1
4721 1
218 1
4784 1
4701 1
1163 1
4536 1
2481 1
858 1
3810 1
302 1
4571 1
1176 1
2272 1
4992 1
1539 1
260 1
501 1
4014 1
2332 1
1400 1
3958 1
2429 1
815 1
1168 1
4951 1
1437 1
3334 1
4782 1
4526 1
1799 1
4454 1
991 1
3442 1
2486 1
1412 1
4971 1
3414 1
1015 1
418 1
1275 1
604 1
2282 1
4082 1
1062 1
4600 1
1251 1
2724 1
3070 1
4798 1
245 1
2901 1
1216 1
1742 1
1404 1
2393 1
3457 1
2286 1
3805 1
3310 1
308 1
305 1
1519 1
3973 1
1239 1
4878 1
2751 1
480 1
3842 1
957 1
231 1
1566 1
1966 1
2343 1
4531 1
456 1
445 1
2617 1
1192 1
2725 1
2417 1
1128 1
2559 1
4908 1
2229 1
3251 1
4256 1
3325 1
4206 1
1425 1
3713 1
571 1
2025 1
4478 1
1945 1
2289 1
3716 1
3002 1
106 1
1172 1
738 1
4972 1
446 1
4196 1
2875 1
1174 1
1603 1
4046 1
3608 1
1702 1
3036 1
1538 1
2439 1
293 1
1037 1
2019 1
4873 1
869 1
4268 1
4022 1
2552 1
3342 1
1946 1
2012 1
2309 1
4880 1
1885 1
1186 1
4864 1
2809 1
532 1
2291 1
1842 1
1465 1
917 1
875 1
2301 1
2319 1
3733 1
2153 1
4712 1
1474 1
136 1
3033 1
3339 1
3691 1
1322 1
1970 1
4621 1
509 1
3392 1
4188 1
39 1
2101 1
3501 1
1637 1
1361 1
4072 1
4611 1
4979 1
732 1
2324 1
4091 1
913 1
4324 1
382 1
832 1
3903 1
2350 1
4283 1
1284 1
4514 1
1086 1
4334 1
1233 1
1084 1
2422 1
1875 1
33 1
4501 1
562 1
3079 1
48 1
1521 1
3447 1
1886 1
2407 1
2524 1
796 1
696 1
207 1
388 1
2169 1
519 1
3673 1
2865 1
3277 1
2455 1
3629 1
823 1
559 1
4654 1
1873 1
3238 1
2087 1
1431 1
4602 1
2292 1
1349 1
2840 1
2171 1
2622 1
889 1
793 1
3727 1
2968 1
1342 1
2534 1
3167 1
117 1
1319 1
4159 1
4165 1
4267 1
824 1
2340 1
75 1
1490 1
4098 1
4937 1
1791 1
1646 1
3214 1
1083 1
3085 1
2221 1
3679 1
1354 1
4812 1
1029 1
2649 1
2202 1
3481 1
2883 1
3211 1
2709 1
339 1
518 1
1262 1
3292 1
3509 1
1545 1
2713 1
3610 1
4946 1
3461 1
4856 1
1822 1
3494 1
235 1
3926 1
25 1
3599 1
605 1
2112 1
225 1
2881 1
2759 1
3828 1
576 1
246 1
410 1
862 1
3664 1
1454 1
1746 1
3554 1
1586 1
1667 1
4913 1
3431 1
2494 1
409 1
4746 1
288 1
4528 1
1011 1
1397 1
2206 1
855 1
424 1
2255 1
4456 1
313 1
1527 1
1373 1
1824 1
1334 1
473 1
3158 1
3232 1
1556 1
2242 1
1748 1
3931 1
4910 1
2253 1
695 1
1129 1
528 1
3595 1
2085 1
4141 1
4191 1
1524 1
670 1
1383 1
3315 1
4419 1
2314 1
4026 1
2000 1
2459 1
2089 1
580 1
2568 1
2227 1
1154 1
2296 1
1395 1
4460 1
1817 1
1162 1
2625 1
1343 1
2507 1
4032 1
1357 1
3880 1
2646 1
2909 1
4361 1
4796 1
2637 1
706 1
2200 1
4331 1
4135 1
638 1
1632 1
1049 1
4404 1
4608 1
642 1
746 1
4051 1
4561 1
2499 1
1993 1
2726 1
1351 1
1934 1
711 1
1272 1
1892 1
1323 1
3759 1
2648 1
911 1
2310 1
4821 1
3656 1
4491 1
2050 1
3684 1
2307 1
4065 1
2008 1
2199 1
1991 1
4493 1
2847 1
649 1
4869 1
503 1
4101 1
2557 1
1532 1
2604 1
2619 1
454 1
4768 1
1957 1
3785 1
3194 1
557 1
4195 1
4982 1
1661 1
2548 1
3823 1
4291 1
831 1
4071 1
3725 1
88 1
1488 1
3125 1
2396 1
3184 1
4418 1
1027 1
2938 1
42 1
4062 1
3603 1
1985 1
3110 1
248 1
3265 1
1247 1
2002 1
4395 1
2346 1
2302 1
1865 1
3006 1
4935 1
1368 1
2470 1
2192 1
3872 1
4435 1
1710 1
956 1
3183 1
4830 1
1123 1
1491 1
4110 1
3480 1
4867 1
2133 1
236 1
3591 1
1796 1
3987 1
400 1
4093 1
241 1
1422 1
103 1
1068 1
1346 1
102 1
2920 1
560 1
3995 1
751 1
2858 1
2584 1
4539 1
4662 1
2797 1
1771 1
4052 1
2644 1
2246 1
2120 1
602 1
2866 1
3907 1
1775 1
378 1
2941 1
2570 1
169 1
3860 1
4543 1
1213 1
1981 1
2729 1
3942 1
423 1
3655 1
3426 1
223 1
1837 1
2714 1
798 1
3143 1
2976 1
1156 1
4876 1
4043 1
3562 1
3649 1
4831 1
2336 1
2168 1
1012 1
2770 1
3017 1
1484 1
3914 1
1226 1
2767 1
2631 1
4639 1
4347 1
2793 1
197 1
3161 1
880 1
3822 1
2521 1
4657 1
2124 1
2627 1
2877 1
3961 1
2522 1
4980 1
1584 1
4041 1
107 1
1483 1
2887 1
3715 1
4323 1
1035 1
3556 1
3435 1
3259 1
4679 1
415 1
1758 1
4534 1
1598 1
2226 1
3244 1
4 1
2820 1
2959 1
3432 1
2852 1
805 1
3302 1
4301 1
3416 1
4189 1
3813 1
1647 1
3966 1
3353 1
705 1
1615 1
2111 1
821 1
3258 1
2413 1
284 1
265 1
1311 1
1281 1
640 1
4661 1
4471 1
1624 1
450 1
1978 1
4613 1
3849 1
4337 1
4736 1
2711 1
1926 1
1355 1
4228 1
4926 1
4106 1
1145 1
1452 1
2538 1
3692 1
4502 1
2418 1
254 1
461 1
2476 1
2817 1
4767 1
4177 1
2262 1
4934 1
1429 1
1219 1
1341 1
1738 1
2764 1
1201 1
2270 1
4895 1
1111 1
742 1
1816 1
4854 1
4169 1
786 1
848 1
1658 1
944 1
1729 1
125 1
1362 1
1264 1
3260 1
1017 1
1503 1
420 1
2910 1
3179 1
1139 1
4336 1
1119 1
3458 1
2385 1
3669 1
931 1
1759 1
4952 1
1077 1
4490 1
646 1
929 1
2695 1
1869 1
4861 1
2294 1
4233 1
4804 1
2371 1
82 1
4002 1
3526 1
1944 1
3204 1
2104 1
3371 1
1132 1
1803 1
4020 1
484 1
401 1
2723 1
899 1
2328 1
2615 1
4024 1
1515 1
4743 1
4775 1
153 1
1699 1
3489 1
2745 1
1198 1
2443 1
372 1
2063 1
3406 1
3407 1
3060 1
4588 1
369 1
3974 1
167 1
71 1
1510 1
4774 1
2848 1
13 1
393 1
264 1
4203 1
2391 1
2907 1
3270 1
4058 1
2927 1
1635 1
3553 1
4947 1
1992 1
411 1
3261 1
4130 1
1305 1
3929 1
3772 1
707 1
2961 1
506 1
937 1
3343 1
2939 1
3075 1
4622 1
4392 1
413 1
2697 1
524 1
2556 1
3450 1
4132 1
2665 1
537 1
65 1
4236 1
2274 1
1871 1
4300 1
1652 1
356 1
2874 1
3446 1
3764 1
147 1
3988 1
4425 1
2071 1
1619 1
1066 1
2097 1
2082 1
3271 1
425 1
1241 1
3012 1
976 1
4694 1
4826 1
2828 1
922 1
4222 1
1220 1
2030 1
3702 1
4287 1
1620 1
2018 1
3401 1
3534 1
794 1
4977 1
901 1
311 1
565 1
785 1
1999 1
328 1
432 1
1265 1
2841 1
1740 1
3014 1
4680 1
1921 1
2957 1
3873 1
1159 1
3738 1
822 1
3153 1
3114 1
4890 1
4976 1
2038 1
1633 1
4461 1
298 1
1779 1
1273 1
256 1
4942 1
4596 1
1732 1
4262 1
3156 1
881 1
726 1
55 1
3796 1
3532 1
4525 1
4925 1
4467 1
2485 1
4745 1
3124 1
4455 1
1023 1
4075 1
3103 1
4436 1
1876 1
3821 1
1391 1
348 1
3778 1
2679 1
4363 1
2518 1
4469 1
1446 1
586 1
2613 1
3201 1
4617 1
3136 1
1924 1
988 1
2368 1
2245 1
2969 1
4140 1
1513 1
4365 1
3616 1
3294 1
3081 1
3397 1
2607 1
3638 1
2696 1
4652 1
1056 1
2945 1
1013 1
4017 1
3712 1
41 1
426 1
3830 1
2069 1
3888 1
4142 1
3761 1
1834 1
672 1
3968 1
4105 1
4604 1
3496 1
2322 1
2603 1
4728 1
3824 1
2704 1
693 1
645 1
2819 1
3191 1
1498 1
2049 1
834 1
4643 1
391 1
1761 1
2299 1
3054 1
4416 1
2774 1
3210 1
3552 1
4184 1
1908 1
3577 1
2134 1
3193 1
3061 1
2861 1
1377 1
4316 1
101 1
2626 1
1933 1
1183 1
61 1
3219 1
4957 1
4429 1
1399 1
946 1
2204 1
885 1
2480 1
496 1
2574 1
4131 1
2808 1
3296 1
3874 1
98 1
2016 1
2452 1
3106 1
3506 1
3337 1
4063 1
460 1
86 1
4797 1
3747 1
4376 1
3688 1
3089 1
4883 1
1868 1
3905 1
544 1
1932 1
429 1
1069 1
2316 1
3093 1
552 1
1135 1
1852 1
1895 1
2674 1
2495 1
365 1
2152 1
375 1
2787 1
205 1
1218 1
4085 1
2761 1
2208 1
787 1
2381 1
2320 1
149 1
494 1
2532 1
595 1
3223 1
4153 1
2905 1
4887 1
3042 1
840 1
903 1
3857 1
3739 1
4625 1
3659 1
3951 1
2520 1
4095 1
891 1
4658 1
3479 1
733 1
95 1
4122 1
3817 1
2376 1
2167 1
3832 1
300 1
3030 1
1912 1
4794 1
4598 1
2211 1
1495 1
362 1
2341 1
1339 1
4457 1
1492 1
2550 1
2798 1
3797 1
795 1
3640 1
4801 1
1941 1
1734 1
1486 1
2667 1
3957 1
108 1
1901 1
941 1
4532 1
4325 1
1073 1
2424 1
3714 1
2816 1
1442 1
2730 1
4858 1
4108 1
99 1
4999 1
3391 1
2165 1
2138 1
24 1
1326 1
2219 1
428 1
2519 1
4216 1
72 1
2073 1
2867 1
3318 1
3369 1
3962 1
2139 1
281 1
1593 1
660 1
4863 1
4403 1
2785 1
2056 1
3607 1
816 1
2185 1
3887 1
1445 1
1235 1
1018 1
2694 1
4055 1
2216 1
1793 1
443 1
4892 1
3893 1
4656 1
2288 1
59 1
3886 1
4927 1
2235 1
337 1
4006 1
4924 1
966 1
2497 1
437 1
4335 1
2098 1
2099 1
1408 1
2777 1
593 1
983 1
2746 1
1481 1
291 1
3047 1
2599 1
3368 1
4932 1
4933 1
164 1
1769 1
1423 1
2084 1
2863 1
1581 1
4154 1
4664 1
2807 1
2810 1
2716 1
3898 1
510 1
2453 1
1800 1
812 1
2738 1
740 1
4735 1
4443 1
1588 1
4081 1
4754 1
675 1
1522 1
3507 1
2542 1
985 1
129 1
1194 1
1617 1
489 1
1964 1
3561 1
1641 1
723 1
750 1
326 1
1000 1
4090 1
1189 1
1227 1
3970 1
551 1
3782 1
679 1
2234 1
4670 1
1363 1
3884 1
1544 1
2387 1
2849 1
4512 1
3628 1
2062 1
2188 1
1215 1
2835 1
3875 1
3867 1
686 1
4343 1
1922 1
1080 1
1847 1
3433 1
4609 1
4166 1
4420 1
4776 1
3039 1
2558 1
258 1
2205 1
1812 1
4747 1
2720 1
2108 1
4298 1
2285 1
2237 1
3231 1
3438 1
3380 1
3841 1
3354 1
4311 1
4566 1
306 1
4000 1
4684 1
1920 1
1954 1
2236 1
835 1
4993 1
347 1
545 1
4292 1
2053 1
4732 1
1660 1
4565 1
535 1
386 1
3737 1
712 1
397 1
3192 1
2233 1
2421 1
2039 1
54 1
584 1
2034 1
4646 1
3541 1
1487 1
3623 1
814 1
1984 1
4390 1
965 1
2214 1
370 1
2916 1
1560 1
4552 1
3746 1
3365 1
2537 1
1864 1
1274 1
1043 1
1676 1
1479 1
4810 1
3572 1
2466 1
1979 1
4211 1
860 1
877 1
465 1
4217 1
1727 1
4038 1
1494 1
1935 1
267 1
964 1
958 1
1381 1
2465 1
2923 1
1520 1
3173 1
690 1
4097 1
4261 1
3382 1
3215 1
4028 1
4112 1
406 1
4202 1
4009 1
845 1
3587 1
3395 1
3753 1
4587 1
4921 1
4687 1
318 1
4530 1
2825 1
1081 1
3632 1
1553 1
79 1
3378 1
1142 1
4788 1
4086 1
1127 1
310 1
3781 1
4364 1
3362 1
4277 1
3188 1
1504 1
4080 1
1118 1
505 1
1433 1
2911 1
2990 1
1237 1
2197 1
4685 1
3877 1
2410 1
4348 1
4241 1
2680 1
4383 1
1126 1
920 1
1473 1
4410 1
3492 1
4240 1
2487 1
577 1
1388 1
933 1
990 1
1466 1
2973 1
2981 1
475 1
2583 1
2005 1
613 1
2937 1
2972 1
289 1
1302 1
1045 1
476 1
259 1
130 1
3732 1
1231 1
2628 1
499 1
3387 1
1071 1
215 1
4303 1
2653 1
4495 1
4178 1
1175 1
161 1
1369 1
4238 1
1206 1
769 1
1193 1
1063 1
4549 1
4978 1
3104 1
644 1
3945 1
3468 1
255 1
2092 1
928 1
818 1
1276 1
4686 1
625 1
37 1
558 1
1360 1
3855 1
1332 1
573 1
2076 1
926 1
2842 1
4682 1
4522 1
2527 1
853 1
2402 1
1269 1
4004 1
745 1
1655 1
2853 1
2431 1
1038 1
1249 1
181 1
2036 1
2616 1
2641 1
4741 1
2611 1
2966 1
1051 1
3662 1
2065 1
4458 1
2614 1
2475 1
807 1
3546 1
452 1
1112 1
1961 1
534 1
2083 1
3147 1
4257 1
1893 1
2146 1
2189 1
466 1
2565 1
3998 1
2928 1
1958 1
1040 1
2838 1
4212 1
4239 1
4374 1
1540 1
1573 1
841 1
1435 1
4061 1
2621 1
1130 1
19 1
2458 1
761 1
2224 1
993 1
808 1
688 1
3198 1
1543 1
44 1
1438 1
1046 1
2688 1
4315 1
63 1
4734 1
3088 1
2983 1
4115 1
4244 1
801 1
3508 1
3592 1
3690 1
2137 1
1688 1
4168 1
2395 1
3703 1
4905 1
1212 1
2813 1
4127 1
4503 1
4338 1
3900 1
2218 1
3348 1
2831 1
3491 1
4537 1
4408 1
910 1
4362 1
667 1
2412 1
938 1
689 1
887 1
767 1
3269 1
572 1
1289 1
3478 1
1407 1
1242 1
3235 1
1463 1
3697 1
1103 1
2212 1
4464 1
3602 1
1020 1
1329 1
1185 1
635 1
1580 1
4389 1
1478 1
758 1
1987 1
3372 1
1794 1
4016 1
343 1
1439 1
2960 1
1396 1
601 1
3355 1
4319 1
4453 1
2880 1
1930 1
3297 1
1121 1
2918 1
2266 1
2031 1
1546 1
2514 1
1301 1
680 1
3145 1
1318 1
1798 1
2478 1
1983 1
1021 1
2803 1
2635 1
2929 1
846 1
4792 1
2930 1
3621 1
2506 1
27 1
4674 1
4351 1
817 1
3827 1
2250 1
4297 1
2037 1
1905 1
648 1
3763 1
3889 1
3634 1
1888 1
992 1
3938 1
407 1
3336 1
1577 1
2545 1
22 1
4327 1
4510 1
684 1
243 1
2243 1
681 1
3347 1
2043 1
996 1
962 1
2042 1
3001 1
3454 1
166 1
2070 1
4459 1
3463 1
307 1
183 1
2313 1
3374 1
4329 1
389 1
4541 1
140 1
4819 1
3349 1
1485 1
4237 1
1662 1
4802 1
4630 1
2077 1
953 1
3230 1
4755 1
1402 1
4783 1
3960 1
754 1
4559 1
4882 1
3741 1
1122 1
1384 1
247 1
3013 1
1188 1
274 1
417 1
4373 1
270 1
3255 1
2859 1
2457 1
2471 1
772 1
2769 1
4124 1
3 1
918 1
621 1
4352 1
1398 1
3972 1
1316 1
4060 1
517 1
3930 1
282 1
4593 1
1447 1
3182 1
2128 1
1298 1
2762 1
2705 1
2826 1
4398 1
3580 1
4605 1
930 1
2198 1
631 1
2222 1
3719 1
180 1
43 1
1096 1
1296 1
1851 1
4771 1
1517 1
1223 1
1350 1
3027 1
3152 1
1403 1
4190 1
3563 1
4422 1
1674 1
1374 1
3154 1
1312 1
963 1
2580 1
3087 1
3274 1
3694 1
3289 1
1554 1
2741 1
1200 1
1813 1
2995 1
1827 1
1828 1
3043 1
341 1
1845 1
1649 1
1542 1
290 1
3996 1
935 1
3851 1
4809 1
4114 1
1894 1
3545 1
1767 1
2284 1
4851 1
2451 1
1307 1
4426 1
4558 1
2278 1
4089 1
1137 1
3736 1
904 1
1232 1
3101 1
2949 1
4772 1
1450 1
4984 1
546 1
385 1
2500 1
1860 1
3909 1
1559 1
1711 1
4099 1
2985 1
35 1
2596 1
186 1
980 1
4304 1
1277 1
4677 1
1024 1
1736 1
1988 1
2834 1
1830 1
1010 1
4603 1
3923 1
4357 1
669 1
394 1
1531 1
3837 1
4107 1
3899 1
3826 1
2240 1
3838 1
2608 1
1070 1
971 1
4545 1
2698 1
4296 1
295 1
105 1
1913 1
1982 1
3346 1
3500 1
3600 1
1489 1
2706 1
2321 1
1291 1
755 1
3993 1
3162 1
3936 1
804 1
2416 1
2913 1
3021 1
4585 1
2931 1
2333 1
820 1
1621 1
4990 1
1695 1
4242 1
467 1
2967 1
190 1
1306 1
610 1
1630 1
1261 1
1441 1
3963 1
3790 1
3549 1
269 1
1606 1
2007 1
1032 1
1587 1
3272 1
4171 1
3150 1
441 1
661 1
3801 1
2131 1
4415 1
2249 1
2392 1
4434 1
3870 1
1666 1
133 1
448 1
2765 1
2922 1
945 1
2661 1
1282 1
4642 1
203 1
182 1
1523 1
616 1
3222 1
1951 1
3164 1
1567 1
1565 1
1611 1
3986 1
3944 1
568 1
2054 1
1583 1
1152 1
3268 1
3676 1
4899 1
3190 1
2183 1
1569 1
4516 1
1627 1
4053 1
3323 1
4901 1
285 1
2592 1
563 1
3724 1
404 1
2541 1
4518 1
539 1
244 1
2554 1
987 1
2511 1
3515 1
907 1
2658 1
4109 1
3429 1
674 1
1300 1
487 1
2460 1
4683 1
4359 1
4070 1
1287 1
3290 1
844 1
2327 1
4839 1
2115 1
1919 1
45 1
1832 1
4230 1
2876 1
842 1
4507 1
4167 1
4173 1
4726 1
1057 1
2671 1
4865 1
3804 1
3474 1
1427 1
3366 1
1757 1
1753 1
1104 1
1574 1
1874 1
2894 1
4440 1
784 1
3445 1
1092 1
1344 1
191 1
2932 1
4265 1
3330 1
2044 1
1313 1
4264 1
3965 1
856 1
3140 1
542 1
402 1
1461 1
2980 1
4059 1
296 1
4907 1
294 1
3613 1
1782 1
1426 1
3455 1
2868 1
4803 1
3052 1
1907 1
788 1
4954 1
3488 1
942 1
2685 1
3891 1
200 1
2344 1
3485 1
3422 1
2978 1
2871 1
4820 1
3227 1
4439 1
4648 1
126 1
2818 1
1835 1
655 1
4650 1
1124 1
4583 1
806 1
2686 1
626 1
2482 1
3098 1
4632 1
3574 1
1714 1
3588 1
2022 1
3644 1
486 1
1706 1
4997 1
2040 1
327 1
1196 1
18 1
2175 1
1887 1
4875 1
722 1
4725 1
340 1
3596 1
1409 1
2057 1
3225 1
4143 1
2620 1
1393 1
2719 1
4959 1
3120 1
1436 1
4023 1
2993 1
31 1
1143 1
3581 1
2942 1
979 1
3373 1
4485 1
2822 1
430 1
1340 1
3605 1
3220 1
1701 1
1208 1
188 1
249 1
1141 1
2179 1
1863 1
2984 1
4705 1
1110 1
2364 1
1697 1
351 1
2650 1
344 1
3723 1
2739 1
2247 1
1460 1
368 1
3799 1
4258 1
4841 1
760 1
189 1
4475 1
3831 1
4689 1
4737 1
227 1
590 1
2379 1
3249 1
585 1
4031 1
477 1
4610 1
336 1
1199 1
1690 1
2123 1
3976 1
4156 1
1931 1
1279 1
2804 1
4254 1
3743 1
230 1
4594 1
3843 1
4198 1
1571 1
4185 1
4084 1
70 1
1650 1
3180 1
3658 1
4492 1
2106 1
2921 1
4696 1
3497 1
3894 1
4353 1
2833 1
1679 1
662 1
3018 1
3819 1
3514 1
2438 1
3665 1
1715 1
4833 1
2072 1
1810 1
2306 1
4354 1
872 1
523 1
3978 1
4489 1
3078 1
3742 1
4950 1
2839 1
276 1
4564 1
3584 1
4266 1
3351 1
4406 1
10 1
2143 1
2370 1
3706 1
1097 1
609 1
1683 1
4912 1
4758 1
1786 1
4054 1
4606 1
3398 1
915 1
2528 1
3567 1
1902 1
187 1
783 1
4612 1
1694 1
4487 1
3994 1
3979 1
1591 1
416 1
2721 1
908 1
4269 1
112 1
1054 1
2261 1
4715 1
1572 1
4137 1
4669 1
493 1
390 1
4470 1
1808 1
3696 1
206 1
3303 1
3897 1
3241 1
2293 1
69 1
827 1
960 1
2174 1
2947 1
2113 1
3710 1
4580 1
3569 1
1601 1
3041 1
4702 1
3471 1
3126 1
4399 1
2643 1
2147 1
3959 1
1536 1
2129 1
597 1
2061 1
1723 1
4317 1
405 1
3864 1
4411 1
1881 1
1295 1
3802 1
564 1
4779 1
1217 1
3919 1
1762 1
1283 1
96 1
2035 1
2555 1
1347 1
2260 1
4432 1
1147 1
3846 1
3647 1
1166 1
4128 1
4914 1
3589 1
4322 1
2578 1
1610 1
4100 1
2210 1
1639 1
1836 1
3328 1
3058 1
3146 1
2075 1
1102 1
583 1
3858 1
3729 1
3100 1
4209 1
3138 1
384 1
381 1
2380 1
2576 1
2047 1
4437 1
4853 1
3376 1
1698 1
4756 1
1161 1
3768 1
3044 1
2630 1
2982 1
3482 1
171 1
2352 1
3718 1
4330 1
2600 1
3651 1
847 1
3045 1
2740 1
3933 1
1700 1
1170 1
3510 1
2885 1
4653 1
502 1
4220 1
2784 1
3645 1
498 1
4252 1
2800 1
2135 1
4799 1
4752 1
4381 1
2948 1
2782 1
2187 1
1672 1
1443 1
273 1
3394 1
49 1
2130 1
4234 1
1529 1
3032 1
2384 1
3657 1
4815 1
2681 1
211 1
1722 1
3452 1
905 1
4384 1
1434 1
4634 1
1222 1
3035 1
3059 1
2191 1
4859 1
1776 1
252 1
2394 1
2612 1
3682 1
3896 1
4001 1
2 1
3794 1
4037 1
3008 1
1774 1
2908 1
4714 1
2843 1
2802 1
3248 1
1031 1
3356 1
2779 1
4719 1
1285 1
2902 1
619 1
3579 1
3185 1
266 1
3440 1
3209 1
989 1
4496 1
550 1
2647 1
3063 1
3306 1
1256 1
84 1
2771 1
3080 1
1801 1
4548 1
2389 1
4570 1
4117 1
1297 1
1914 1
3517 1
1918 1
1202 1
3028 1
2718 1
4161 1
919 1
731 1
152 1
4749 1
3861 1
1882 1
1622 1
51 1
440 1
26 1
2523 1
3256 1
2094 1
4231 1
4379 1
897 1
608 1
1541 1
2009 1
4225 1
1471 1
1997 1
3308 1
3218 1
1157 1
1144 1
2277 1
2437 1
1150 1
2815 1
749 1
1424 1
2512 1
3311 1
1477 1
2783 1
1965 1
198 1
600 1
1744 1
3205 1
469 1
3708 1
1557 1
1717 1
757 1
961 1
1640 1
3512 1
4868 1
1308 1
250 1
4789 1
4179 1
2873 1
890 1
789 1
62 1
1909 1
3135 1
2419 1
1889 1
4409 1
3411 1
438 1
617 1
4441 1
3129 1
1280 1
419 1
113 1
3748 1
1857 1
2823 1
4538 1
1303 1
4987 1
2141 1
2001 1
286 1
2954 1
1379 1
1707 1
1182 1
4207 1
4577 1
3612 1
728 1
3240 1
1809 1
3758 1
4713 1
4158 1
1562 1
470 1
2164 1
1590 1
3535 1
730 1
3057 1
893 1
3674 1
1394 1
462 1
3293 1
1006 1
233 1
1448 1
4884 1
2117 1
3386 1
1752 1
2692 1
3384 1
309 1
4722 1
671 1
1910 1
530 1
2640 1
3730 1
2624 1
2010 1
434 1
692 1
3765 1
457 1
782 1
1878 1
4699 1
2737 1
770 1
3920 1
4930 1
4575 1
1345 1
4018 1
4759 1
287 1
527 1
392 1
358 1
92 1
1938 1
4045 1
3650 1
2446 1
2601 1
1149 1
2602 1
1858 1
3375 1
1207 1
4641 1
3417 1
4700 1
2377 1
2821 1
3786 1
4636 1
1125 1
4431 1
304 1
4996 1
3524 1
1009 1
3428 1
522 1
513 1
2440 1
4966 1
303 1
702 1
2651 1
1019 1
959 1
176 1
3618 1
4417 1
40 1
137 1
2032 1
118 1
2529 1
1348 1
2862 1
4186 1
4599 1
2004 1
4730 1
3338 1
3698 1
663 1
3466 1
4450 1
146 1
4724 1
3811 1
1821 1
1072 1
1075 1
4092 1
3845 1
2323 1
3149 1
2657 1
914 1
2367 1
238 1
47 1
4371 1
1065 1
4597 1
2897 1
2892 1
110 1
624 1
4698 1
4517 1
3122 1
3511 1
1814 1
3744 1
2024 1
3915 1
4936 1
1755 1
4040 1
4421 1
3437 1
685 1
4615 1
3415 1
1604 1
598 1
4889 1
3523 1
4769 1
3228 1
4094 1
1656 1
325 1
1496 1
2735 1
3598 1
2501 1
4245 1
3883 1
2375 1
1673 1
2382 1
634 1
1741 1
1859 1
2109 1
3404 1
954 1
1109 1
3242 1
999 1
1642 1
3216 1
4511 1
4557 1
3525 1
3285 1
7 1
2103 1
2585 1
4956 1
3498 1
4974 1
2013 1
3749 1
1784 1
2023 1
4521 1
2736 1
547 1
3913 1
1850 1
2150 1
3427 1
1181 1
3820 1
2427 1
4401 1
2426 1
719 1
1195 1
3487 1
1327 1
939 1
3939 1
3048 1
4917 1
2663 1
998 1
1781 1
2689 1
3770 1
4874 1
1090 1
352 1
3879 1
4157 1
2864 1
4574 1
4651 1
972 1
4929 1
3309 1
4474 1
2041 1
50 1
1008 1
2734 1
4805 1
2690 1
2974 1
4088 1
1059 1
3885 1
3789 1
177 1
555 1
1074 1
3195 1
1802 1
1514 1
2904 1
3022 1
3283 1
2668 1
3536 1
2773 1
2425 1
3881 1
1750 1
3326 1
4795 1
902 1
217 1
1221 1
4066 1
1005 1
3565 1
1805 1
2703 1
833 1
864 1
4119 1
1937 1
209 1
3196 1
2415 1
977 1
2195 1
1657 1
4520 1
4118 1
4857 1
2162 1
2176 1
4340 1
4626 1
4008 1
1516 1
2088 1
4616 1
4289 1
4344 1
665 1
620 1
1826 1
3166 1
2473 1
2436 1
1417 1
3916 1
479 1
878 1
212 1
3593 1
4187 1
4442 1
3324 1
633 1
4477 1
1078 1
240 1
4647 1
2492 1
68 1
851 1
1670 1
3808 1
2710 1
737 1
3077 1
312 1
3847 1
570 1
5 1
491 1
2572 1
3766 1
2857 1
2303 1
155 1
1335 1
3359 1
2386 1
3557 1
4770 1
1770 1
4201 1
699 1
2448 1
3037 1
314 1
3695 1
4111 1
4405 1
1087 1
1720 1
3912 1
1899 1
3467 1
2045 1
579 1
1629 1
2832 1
4279 1
3212 1
4555 1
2447 1
174 1
709 1
335 1
2780 1
2126 1
4246 1
2593 1
2562 1
4077 1
3113 1
1671 1
2257 1
666 1
2353 1
4255 1
4915 1
2122 1
1870 1
4793 1
3257 1
1939 1
2525 1
4223 1
4787 1
623 1
4688 1
2749 1
4120 1
4790 1
3490 1
1133 1
4096 1
1101 1
4995 1
1754 1
2623 1
2655 1
2068 1
1419 1
3989 1
278 1
4969 1
2943 1
1682 1
1204 1
3585 1
2121 1
653 1
376 1
57 1
1210 1
3436 1
627 1
331 1
3668 1
4263 1
1731 1
1687 1
4576 1
2756 1
1990 1
3066 1
15 1
4739 1
1410 1
156 1
3237 1
900 1
3295 1
4659 1
2339 1
1370 1
4678 1
3402 1
4305 1
1259 1
514 1
74 1
525 1
4991 1
4709 1
3430 1
157 1
2526 1
1703 1
1229 1
4692 1
4483 1
3680 1
3443 1
3358 1
2020 1
111 1
1378 1
3704 1
3975 1
2334 1
1268 1
4427 1
4813 1
3548 1
131 1
3051 1
272 1
1033 1
4488 1
3518 1
4253 1
2244 1
2231 1
3927 1
1105 1
2182 1
2078 1
4438 1
2829 1
2232 1
1411 1
141 1
736 1
4967 1
2664 1
398 1
698 1
3971 1
4064 1
766 1
104 1
1724 1
4896 1
2844 1
2158 1
403 1
2610 1
773 1
1304 1
4780 1
80 1
1428 1
4294 1
1971 1
3937 1
2390 1
2399 1
4943 1
4482 1
89 1
1414 1
73 1
3023 1
4498 1
1675 1
2230 1
2033 1
603 1
507 1
4800 1
1735 1
2114 1
1475 1
870 1
4229 1
1464 1
262 1
3590 1
4989 1
4900 1
2837 1
4945 1
3186 1
229 1
1861 1
1508 1
3278 1
353 1
4535 1
2754 1
561 1
3624 1
652 1
3056 1
4877 1
981 1
1155 1
614 1
3619 1
2142 1
3918 1
483 1
2409 1
894 1
923 1
1258 1
1389 1
3067 1
4479 1
4697 1
28 1
1004 1
3687 1
3327 1
2213 1
612 1
4871 1
2304 1
2889 1
2118 1
2172 1
3329 1
1716 1
3420 1
4272 1
431 1
4176 1
3633 1
4221 1
4906 1
4121 1
2252 1
435 1
3003 1
3024 1
1380 1
1739 1
23 1
4944 1
2575 1
4047 1
2830 1
3055 1
2434 1
2776 1
1616 1
4627 1
703 1
87 1
3357 1
396 1
3038 1
2095 1
3947 1
3133 1
1358 1
2058 1
2170 1
2543 1
508 1
1331 1
3648 1
2408 1
1525 1
3707 1
2360 1
3015 1
1547 1
1131 1
2265 1
883 1
3559 1
78 1
4069 1
1582 1
11 1
520 1
4214 1
4033 1
2331 1
3448 1
144 1
3949 1
1457 1
3840 1
2404 1
4393 1
4284 1
1418 1
4235 1
159 1
2311 1
3859 1
2318 1
4444 1
1171 1
512 1
2406 1
3611 1
1052 1
1651 1
2636 1
569 1
1668 1
2758 1
1634 1
1387 1
427 1
4326 1
4259 1
2747 1
2755 1
3740 1
3701 1
2799 1
1568 1
4116 1
345 1
1236 1
3954 1
3693 1
2086 1
1644 1
575 1
142 1
1929 1
4866 1
4619 1
4010 1
863 1
4524 1
4430 1
3606 1
909 1
3171 1
3625 1
2639 1
3370 1
636 1
3412 1
2573 1
1838 1
775 1
3385 1
2727 1
3935 1
4533 1
1534 1
3675 1
3312 1
3381 1
1205 1
4276 1
2766 1
744 1
1382 1
1364 1
837 1
4005 1
2490 1
1203 1
3340 1
3783 1
4553 1
143 1
474 1
4808 1
2456 1
1576 1
3661 1
3425 1
2946 1
478 1
916 1
455 1
2971 1
1151 1
2021 1
596 1
4463 1
175 1
4382 1
2676 1
1998 1
3637 1
4764 1
4073 1
1777 1
1148 1
58 1
2789 1
3865 1
3049 1
3728 1
871 1
1862 1
4988 1
1628 1
879 1
3614 1
275 1
4556 1
3470 1
2772 1
2811 1
3999 1
1968 1
3475 1
2064 1
1248 1
3892 1
3011 1
4200 1
4087 1
324 1
1244 1
1975 1
3128 1
2691 1
521 1
3666 1
2952 1
1879 1
1663 1
127 1
3681 1
1704 1
53 1
4175 1
1996 1
3901 1
3321 1
2870 1
464 1
888 1
1234 1
3264 1
1093 1
1636 1
4551 1
3084 1
2315 1
836 1
359 1
4391 1
4816 1
3383 1
1094 1
1499 1
4447 1
4948 1
2956 1
714 1
1001 1
4306 1
3646 1
2312 1
4738 1
2753 1
3288 1
8 1
2760 1
651 1
4068 1
485 1
4562 1
781 1
2919 1
1820 1
4939 1
2582 1
3839 1
459 1
4844 1
2795 1
3543 1
591 1
3409 1
2228 1
850 1
453 1
1949 1
4624 1
4308 1
1681 1
1099 1
2180 1
3678 1
650 1
2398 1
2119 1
2683 1
2670 1
4667 1
1413 1
1625 1
2326 1
1904 1
2383 1
168 1
734 1
4413 1
4573 1
3131 1
1060 1
1839 1
3419 1
2999 1
349 1
1421 1
4961 1
3531 1
4893 1
4860 1
792 1
1254 1
1867 1
4299 1
3774 1
3160 1
4672 1
3791 1
4817 1
2645 1
2517 1
2924 1
3148 1
3807 1
1502 1
1693 1
4825 1
387 1
2194 1
3876 1
4903 1
2567 1
1854 1
1891 1
1685 1
3985 1
967 1
4147 1
2269 1
2461 1
4007 1
4333 1
925 1
984 1
2067 1
219 1
4862 1
4898 1
4505 1
4675 1
3538 1
4742 1
1967 1
4150 1
4723 1
654 1
582 1
4412 1
2992 1
4886 1
809 1
948 1
3350 1
940 1
567 1
2962 1
178 1
3010 1
778 1
4151 1
2305 1
2178 1
2977 1
3206 1
3671 1
4164 1
4931 1
4250 1
4282 1
1440 1
422 1
2792 1
2684 1
4486 1
725 1
500 1
3795 1
471 1
4342 1
194 1
1338 1
4842 1
664 1
3631 1
4030 1
2280 1
2223 1
4633 1
3097 1
1849 1
2184 1
898 1
4215 1
2338 1
2936 1
3911 1
2357 1
3300 1
4973 1
4720 1
4295 1
504 1
1030 1
1986 1
4708 1
3627 1
1178 1
1846 1
2824 1
1169 1
802 1
3224 1
4152 1
629 1
1278 1
34 1
170 1
4663 1
2148 1
2354 1
1900 1
2579 1
360 1
52 1
2015 1
3263 1
4614 1
949 1
1509 1
2888 1
3755 1
3449 1
1476 1
4372 1
4970 1
2160 1
3163 1
3074 1
14 1
2433 1
2899 1
852 1
4628 1
3871 1
4872 1
4213 1
3586 1
2775 1
978 1
3833 1
2935 1
433 1
2166 1
2914 1
2411 1
4146 1
2488 1
3815 1
882 1
1385 1
1095 1
3107 1
2469 1
3594 1
4145 1
4578 1
1288 1
3462 1
163 1
4620 1
589 1
4377 1
4015 1
1795 1
4523 1
1883 1
932 1
540 1
1472 1
3046 1
3464 1
2577 1
1333 1
3955 1
1415 1
3139 1
4312 1
4581 1
3004 1
2986 1
3233 1
2006 1
1260 1
2287 1
4843 1
3345 1
3672 1
3787 1
3816 1
2768 1
1047 1
3615 1
2048 1
4451 1
2856 1
1453 1
615 1
511 1
3213 1
251 1
2979 1
892 1
2895 1
2748 1
3377 1
1468 1
3767 1
5000 1
3792 1
1792 1
3026 1
2414 1
3977 1
338 1
2513 1
3390 1
710 1
1607 1
1811 1
2933 1
1589 1
3950 1
4998 1
659 1
1366 1
895 1
3760 1
4850 1
4067 1
2743 1
2159 1
172 1
2362 1
4012 1
3175 1
3752 1
4618 1
3095 1
2642 1
1558 1
279 1
4414 1
3622 1
1855 1
2275 1
2428 1
854 1
2003 1
1705 1
3814 1
4226 1
2271 1
1250 1
752 1
46 1
4309 1
4673 1
3134 1
21 1
213 1
263 1
2715 1
1518 1
2732 1
986 1
4693 1
1595 1
2193 1
3721 1
1165 1
4423 1
3620 1
3653 1
4716 1
4497 1
3473 1
3068 1
4750 1
4986 1
4840 1
1950 1
36 1
548 1
3423 1
1764 1
2017 1
2882 1
1833 1
3307 1
3413 1
3726 1
2812 1
1789 1
1530 1
1726 1
3332 1
1772 1
830 1
4400 1
768 1
969 1
1136 1
3654 1
4149 1
3834 1
1596 1
4339 1
975 1
4762 1
1115 1
1416 1
2508 1
3570 1
1469 1
4981 1
135 1
4019 1
3667 1
658 1
1140 1
1153 1
1613 1
1501 1
4341 1
874 1
468 1
1088 1
2900 1
3472 1
3908 1
4445 1
531 1
516 1
952 1
4249 1
3286 1
997 1
2598 1
1444 1
2998 1
3168 1
4126 1
4904 1
1113 1
321 1
3301 1
611 1
3245 1
3745 1
1848 1
2781 1
1114 1
139 1
4897 1
1034 1
1173 1
4753 1
4591 1
1324 1
1654 1
3199 1
361 1
94 1
1768 1
599 1
3246 1
3344 1
1550 1
1831 1
717 1
3322 1
374 1
2634 1
2953 1
2702 1
2400 1
333 1
1689 1
193 1
3829 1
228 1
2673 1
861 1
3029 1
2878 1
3236 1
1815 1
3952 1
859 1
4003 1
748 1
1677 1
2405 1
4013 1
3751 1
2728 1
1371 1
1462 1
868 1
1745 1
1053 1
1375 1
3178 1
2359 1
2127 1
436 1
1245 1
1955 1
315 1
2107 1
4048 1
3641 1
257 1
20 1
2587 1
780 1
3685 1
2374 1
355 1
4777 1
4466 1
1605 1
4916 1
4949 1
439 1
2569 1
4280 1
1089 1
3314 1
3882 1
791 1
1994 1
4160 1
4852 1
800 1
3108 1
3226 1
1962 1
1897 1
2633 1
3469 1
526 1
849 1
2330 1
810 1
1841 1
4136 1
3699 1
1928 1
1756 1
342 1
673 1
4446 1
1906 1
3836 1
210 1
1916 1
3157 1
3020 1
4823 1
1730 1
1592 1
412 1
4270 1
2136 1
3720 1
3981 1
2788 1
1645 1
3034 1
1055 1
3798 1
1696 1
3197 1
3902 1
1825 1
2678 1
3677 1
1266 1
4760 1
2046 1
3934 1
3660 1
1563 1
237 1
1290 1
906 1
2479 1
3788 1
4318 1
4468 1
4584 1
2896 1
2503 1
3187 1
2701 1
1317 1
1678 1
1456 1
2145 1
2177 1
366 1
1665 1
2934 1
3361 1
2591 1
1551 1
3086 1
3551 1
1535 1
1806 1
3076 1
678 1
1549 1
588 1
3155 1
1880 1
3364 1
1765 1
261 1
2682 1
497 1
1451 1
765 1
4218 1
2903 1
3852 1
828 1
1614 1
2493 1
2217 1
641 1
3090 1
3287 1
1386 1
2496 1
202 1
3007 1
4690 1
2879 1
982 1
4834 1
4569 1
4288 1
866 1
668 1
2074 1
4894 1
4078 1
4011 1
538 1
3174 1
2156 1
3434 1
1653 1
4888 1
4397 1
4676 1
2337 1
3009 1
687 1
533 1
2805 1
3319 1
93 1
4346 1
4369 1
1760 1
4572 1
4704 1
4909 1
3848 1
4271 1
1555 1
4765 1
886 1
4590 1
3964 1
2786 1
17 1
2595 1
3866 1
1376 1
2403 1
3835 1
3331 1
3082 1
1263 1
1977 1
3705 1
60 1
4248 1
3273 1
371 1
4547 1
1294 1
3281 1
4818 1
774 1
701 1
799 1
934 1
4123 1
2351 1
3558 1
2994 1
3096 1
4380 1
2836 1
1158 1
2989 1
3451 1
4589 1
1612 1
3137 1
3582 1
2251 1
727 1
594 1
1238 1
1664 1
1526 1
3333 1
3575 1
1042 1
162 1
2890 1
3636 1
1840 1
377 1
4835 1
1787 1
628 1
3869 1
100 1
3360 1
1497 1
1315 1
4554 1
1467 1
3073 1
3476 1
3906 1
121 1
4827 1
4911 1
2423 1
865 1
1224 1
3948 1
515 1
4172 1
1107 1
2209 1
4640 1
1458 1
490 1
3202 1
492 1
3862 1
618 1
3529 1
3997 1
4601 1
1480 1
3484 1
3313 1
3267 1
204 1
3780 1
643 1
2964 1
1712 1
383 1
221 1
488 1
2827 1
3200 1
119 1
2654 1
1117 1
3505 1
2790 1
3316 1
1493 1
67 1
4394 1
4985 1
3762 1
1763 1
323 1
3393 1
1367 1
1884 1
64 1
4310 1
3016 1
4355 1
1432 1
4042 1
3069 1
3262 1
3499 1
3689 1
3617 1
4029 1
3663 1
3683 1
4879 1
3709 1
1856 1
3005 1
2561 1
421 1
3583 1
3757 1
2547 1
76 1
3117 1
743 1
1853 1
1896 1
32 1
1903 1
1790 1
4751 1
447 1
2533 1
3266 1
771 1
158 1
4546 1
3119 1
3091 1
2970 1
2132 1
1255 1
3304 1
4197 1
2963 1
3642 1
2055 1
4660 1
2102 1
697 1
4182 1
4227 1
4806 1
367 1
4963 1
4506 1
3165 1
4148 1
1602 1
30 1
2509 1
2297 1
2742 1
3502 1
639 1
2975 1
2462 1
1823 1
4515 1
2308 1
3854 1
4629 1
1337 1
1253 1
3895 1
2563 1
1146 1
4855 1
354 1
2442 1
2546 1
29 1
185 1
482 1
3925 1
968 1
2491 1
3844 1
1829 1
4717 1
4668 1
2854 1
1187 1
3564 1
1106 1
1948 1
2450 1
2388 1
718 1
1709 1
2629 1
2372 1
3102 1
3181 1
2449 1
3503 1
3775 1
811 1
316 1
449 1
1733 1
444 1
790 1
797 1
4313 1
3571 1
3863 1
4757 1
1669 1
4707 1
1314 1
3533 1
2144 1
1058 1
222 1
4811 1
1120 1
2996 1
4247 1
2498 1
1455 1
3352 1
819 1
3341 1
4922 1
184 1
1788 1
1599 1
2203 1
3910 1
1743 1
1713 1
458 1
357 1
216 1
85 1
2606 1
4104 1
2958 1
1138 1
2116 1
332 1
1684 1
4275 1
3207 1
753 1
2846 1
4205 1
2662 1
1506 1
2660 1
3635 1
1041 1
4695 1
414 1
3527 1
4885 1
4428 1
3072 1
4056 1
1751 1
320 1
950 1
3483 1
4550 1
3560 1
4113 1
1728 1
3062 1
1459 1
2347 1
4193 1
4870 1
123 1
1952 1
4638 1
4706 1
3254 1
2196 1
1960 1
4370 1
4321 1
3388 1
3170 1
4965 1
1177 1
3389 1
3853 1
4509 1
1390 1
3784 1
2468 1
3400 1
1108 1
3141 1
364 1
4192 1
1336 1
3941 1
1936 1
4286 1
3777 1
2656 1
38 1
4540 1
3806 1
1797 1
2652 1
592 1
4718 1
4744 1
995 1
3403 1
2435 1
3132 1
1406 1
3630 1
4544 1
2256 1
3568 1
2348 1
2675 1
3818 1
2295 1
1807 1
4846 1
1079 1
2373 1
3282 1
116 1
3856 1
3555 1
3279 1
1067 1
2891 1
3099 1
1974 1
1925 1
2693 1
4386 1
2298 1
2173 1
2267 1
4513 1
220 1
2566 1
3144 1
647 1
3363 1
3809 1
3217 1
3477 1
4448 1
6 1
739 1
4378 1
4994 1
566 1
529 1
4452 1
3643 1
4849 1
3539 1
587 1
224 1
3528 1
3522 1
1082 1
253 1
3094 1
803 1
4729 1
2155 1
2733 1
556 1
2510 1
3754 1
4388 1
1923 1
1719 1
1292 1
3530 1
3793 1
363 1
2258 1
1766 1
1898 1
720 1
1643 1
4481 1
2988 1
242 1
4194 1
3771 1
3276 1
2051 1
442 1
1401 1
1708 1
283 1
4274 1
2540 1
3083 1
1638 1
4671 1
1844 1
3252 1
4044 1
3221 1
4586 1
536 1
4644 1
1626 1
1785 1
2029 1
3946 1
1184 1
1191 1
1721 1
2553 1
2906 1
1659 1
3243 1
3542 1
3116 1
4761 1
1243 1
4224 1
1091 1
56 1
747 1
4356 1
656 1
160 1
2378 1
1449 1
292 1
1026 1
1209 1
1252 1
3992 1
4285 1
4433 1
2893 1
2609 1
637 1
3275 1
3521 1
2369 1
4785 1
1877 1
3537 1
