965
2200
78750
1904
106
8826131
64152
5040
180
59136
6300
21600
180000
241920
1764
28080
31680
12096
99840
32256
7455307
432000
32670
84240
1920
43740
28672
8
101250
13500
11664
23814
51840
15400
5250
98
32000
20736
61966
48238
3240
42336
65
989447237
8550
3864
4032
5625
89
17280
8064
587234
10260
150528
6480
48000
4914
28512
200000
961175759
52920
15
144000
54432
4896
7785
150000
107
7390
21168
214573
244944
113
904152917
42
155520
23115571
21840
11016
1500
14
949106497
164640
5361
301056
3312
3072
91857
32805
900
12150
109
43
38400
746803744
276480
900360029
414720
288000
7290
86016
19200
4725
5044
66
44550
123480
53760
25600
999999998
2600
1620
115248
193
6720
432255
85050
536870912
104
45360
12960
2430
16128
14112
281
131
12000
207360
100696425
262440
193536
272160
4788
72
926315427
27000
3528
24300
1680
25200
782
13230
105
112000
12544
331776
4480
589833267
42755209
6075
4488
6804
300000
52416
3900
466560
20
32400
45000
85881
93
1008
29120
76032
17820
300
16524
124
22680
62
145152
8660
88704
50688
58800
52488
60000
640
18480
101
127008
131980
375000
2618049
182250
16320
37440
55296
29484
3
12348
131220
70560
16224
10
31500
71
79
71280
9
4560
51
33401221
25920
43200
230400
35
393660
5184
41472
552960
1615
76800
3264
30030
395
28800
4800
336000
52
248832
9000
323
216000
2000
1701
38497
282791
125440
12672
994617
18816
15750
23328
11232
9425
361
138240
405000
236250
85712697
174960
11000
4655
3960
9900
94770
13
8250
107520
934
27216
70400
696
63000
89100
102060
4752
1
482421315
36960
4608
2906162
21000
75264
18432
576
56160
3157819
922505446
7776
7389
281250
1800
215040
122877509
224
13860
129
2431
20328
96768
1632
8748
30240
3696
61440
311040
12800
240000
22950
8100
86400
57
3375
34848
7040
1001
14700
3584
725573
43680
176400
998244353
473
5304
33108
34560
90720
47473
51030
12288
2736
69888
97200
2688
5808
133650
646
16
94
1520
38
10000
151200
2304
33696
189
31200
70200
128000
18720
80949857
4200
9800
74088
21384
34020
688978813
1836
4
85
27456
42105
105840
340200
2100
64512
63180
916855204
20000
15390
2592
22500
42000
170100
9180
546
16464
170
147456
472392
57624
1512
49000
11340
75
63504
25002
5760
36
322560
12768
999999999
3510
409342369
121
474
3600
243000
268800
92400
84000
105000
221184
33
1048576
633
132000
5376
8208
134400
314928
21383
420
4050
9409159
8316
792
79548
6765
388800
5721
29952
49392
84
7897861
430080
69120
18
47040
524288
45
7938
34300
322081025
1000000000
4312
46464
17550
118263990
2520
8087519
1134
99
1530
2376
476014
672
71805
23400
53940
517759
1817
168000
57024
54
16380
94080
118272
86
46080
5
14400
115
540
6750
6840
15680
104976
257
179200
9450
81648
19008
95040
80
2400
986129769
1323
6400
36283838
25490988
393216
97
73728
16000
6552
31104
3564
84579
17424
42768
67
24192
20480
225792
13122
20592
87480
2880
810
18240
48384
98304
226800
625433749
19440
4943
2403381
15552
142560
161280
320
3024
28000
700
15840
49280
36864
364500
4704
116
128
41580
405
115200
77760
408240
21952
2025
1249
233280
8640
120
5657
6930
546750
23760
5280
181440
72900
50000
630
20160
78
58
235200
1056
7680
83160
68
41600
83
9600
1100
2268
29700
1848
153600
504
3509575
518400
816
35280
60480
211680
59400
92
31
641
65536
44
349920
74
5616
983900459
30
67893369
29400
22464
44800
119
480000
63360
53
8372259
864
70000
216
7200
67200
194241
29160
34944
67584
1741
324000
17136
47
5346
279936
252000
62208
29250
132300
5200
209952
665
40
56700
15876
48510
3168
10368
345600
169344
964532929
135000
202500
23232
81920
24
17640
108000
1960
787320
99000
7128
786432
10560
1215
65610
85536
93312
1671
4158
362
81000
8347
9100
34
7560
373248
56448
5120
94500
519
136080
192000
64
122880
460800
35503
35640
40824
2250
442368
3360
307200
89600
39936
21504
75600
142884
7920
63
524880
88
4160
81
583200
653477439
42120
15120
105600
6
48600
47628
172032
31752
291600
33750
938017885
4536
981028563
3780
5601
27
294912
96000
621008
24696
78000
8960
8400
30720
196830
5400
1890
12870
8976
58320
4000
139968
768
468
813
126720
129024
116640
40950
87
32640
14040
96228
10500
54600
22
38880
34111
2097152
13440
306180
486000
8000
5767201
52800
184320
655360
112
124416
14336
58054077
11085765
32
9240
9216
95256
256000
1944
559
129600
92160
50544
32768
57600
226151256
126
9504
54880
660
971866761
510205
4680
2340
47520
805306368
72000
8624
49
4410
22176
9489
141120
9827
441
73
19656
3456
8772
72576
37
5016
7056
362880
2940
21870
13824
117
60
91
5520
57344
4374
1260
1440
67500
2730
3120
46
120000
30973
10800
457481
114688
54000
196608
37800
259200
84480
245760
6037
33600
163840
21
192
108864
1000000
50400
16800
76
82944
7500
28
23040
49896
125
969
8320
2640
38016
22848
49500
26460
7296
14256
49920
112896
622080
396
66528
44928
103680
118800
18000
501
70
6399199
168960
4620
123
69
118
127
194400
567
59
110250
673921
100800
92317161
614400
25
27720
217728
270000
987
2352
66150
2156
69984
391
39600
110
1386
160
122
491520
5000
50
15288
697106497
999999937
8015864
459270
2720
23
40960
4320
64800
157464
23100
4733
2707
82268566
12240
368640
346742385
77
5600
16200
957262828
7
3371
1824
165888
98415
145800
2070
74880
24480
90
31590
2016
13680
96
1728
111
64922375
3000
7025
24000
1001604
55
11
186624
699840
10710
24750
32076
48
967669583
9408
64680
102
14688
27184698
103
10752
79200
110592
5073
8448
49152
360000
47958485
29
17920
19800
10240
1600
68040
8424
2
5297
11264
2560
163296
198450
7392
33792
24576
2160
70235461
954158175
17
135
13056
95
108
56
302400
288
80640
162000
61740
998506315
1584
5824
26
5940
204120
3645
201600
40320
6541551
35100
4539685
448
10080
912
4675
26880
14560
2310
