960
27184698
1530
22464
27000
30030
8100
1764
31680
28672
170100
96228
145152
117
697106497
725573
9800
121
31
132000
967669583
2640
111
77760
5304
226151256
50688
7920
29952
70000
99000
3864
104976
4050
8347
31500
86016
12768
28512
31752
81920
8550
81
971866761
519
3960
1800
105000
49920
64800
42000
45360
12960
1056
22848
176400
96768
64680
54432
20160
32400
216000
986129769
24300
13680
168000
124
5040
346742385
77
14040
2730
126720
14256
4914
12544
641
518400
1728
51
3600
181440
71
3264
72576
59136
1100
6300
1680
1260
7390
900360029
1000000000
442368
1386
67584
1323
460800
112000
23232
1632
17640
552960
1
33600
5520
16000
810
27720
89100
40
1920
29400
1215
240000
202500
7392
7040
1620
33401221
83
207360
19008
2100
5184
68
164640
75264
105600
408240
15840
13824
112896
155520
31200
559
672
150528
26460
24696
10800
20
16224
981028563
22
100696425
21168
1134
15400
75600
17550
614400
8
57024
88
200000
7785
322081025
94080
48600
1960
524288
12800
288
486000
46464
5044
934
11000
58
38400
89
3645
151200
7776
41472
998506315
480000
11
81000
12288
904152917
8660
129600
12240
72
7500
323
2403381
3
33792
71805
63000
99840
252000
32256
127
1584
7938
43200
25002
8640
216
94
3509575
10752
127008
457481
53940
61440
81648
113
144000
62
122880
23328
28800
768
17280
2156
999999937
40960
504
43680
270000
4675
28000
69888
32
3528
42755209
115
145800
50000
18
60
1048576
320
19200
65
90
1741
257
107
17
84000
16128
746803744
2160
307200
302400
5000
209952
224
29
48000
1701
123
67
482421315
949106497
71280
39936
31590
10560
33696
120
83160
7389
961175759
4320
40950
42120
23100
34560
31104
3780
29250
10240
15288
373248
12870
314928
501
221184
98304
48510
3024
94770
98
21952
1520
8372259
92
587234
4608
17136
52920
4943
20000
48238
34
23760
36864
1824
301056
622080
192000
102060
782
13230
142560
248832
42105
16800
225792
4
8000
79200
135000
25920
3360
10710
9827
72000
9100
396
105840
987
233280
432000
19440
93
74
3456
5376
6541551
38497
30973
106
98415
5600
169344
63504
640
118263990
42768
73728
14
29700
473
118800
42336
112
170
29120
128000
57344
696
13
4800
58800
4488
85881
230400
11664
34020
115200
998244353
36
85712697
7290
1001604
194400
79548
969
21840
40824
38
24192
53760
32768
11340
49392
6075
54
5200
56160
21383
688978813
1249
360000
53
9489
50544
68040
172032
324000
4680
468
85050
4896
340200
1500
66528
138240
3371
85536
5625
9408
54000
3375
653477439
65610
900
43
15
8087519
362880
8250
8826131
474
409342369
180000
22500
129
147456
76
4536
125
5601
1008
25490988
362
70235461
9425
700
66
34300
2070
55296
12348
6840
58054077
95
54880
10368
217728
91
92160
2600
128
2400
70560
51840
8748
108000
2097152
133650
51030
70
12000
9
2200
22680
655360
18240
699840
6400
1600
180
33108
12672
20592
272160
142884
792
625433749
311040
32805
49896
300000
34848
2520
420
14400
86400
64152
201600
288000
54600
174960
5400
864
583200
630
131220
116
94500
65536
7200
61966
64512
204120
2720
48384
5250
2310
193536
291600
5657
8208
3696
27456
5280
69984
70200
131980
21
4733
99
141120
44928
916855204
3157819
5721
123480
86
9504
16380
476014
118272
24000
47473
74088
25200
21870
395
4725
546750
13440
32076
135
7680
6
96000
17820
32000
21504
36960
9000
6930
30
38880
388800
168960
13860
87480
45
22950
56448
37
331776
9216
153600
84240
7025
194241
29160
84480
26880
38016
1890
69120
129024
926315427
279936
589833267
472392
139968
8448
8064
85
5073
4160
56700
15876
134400
4200
262440
546
93312
4374
3240
34111
28
32670
82268566
1671
10080
80949857
215040
10
36283838
44800
107520
322560
576
6804
47040
245760
805306368
235200
114688
9900
294912
1817
7560
4620
72900
5120
125440
5361
2707
90720
20480
48
126
13500
954158175
7128
23400
150000
2592
32640
5297
9180
17424
97
57600
517759
300
12096
63180
25600
1836
24
2000
23
15120
80640
21384
6480
19800
97200
40320
160
7056
938017885
8400
6037
540
78000
122
105
27216
27
182250
432255
8960
621008
24480
405
536870912
393216
4410
226800
281250
922505446
7
393660
2736
813
67500
4752
116640
122877509
912
8976
108
14112
2376
466560
196608
49
361
441
25
45000
100800
115248
2352
983900459
10500
37440
35100
4158
14336
5767201
660
2430
47628
2025
24750
2016
1512
7455307
2
2250
110592
44
18480
4032
259200
241920
16
63360
282791
42
79
64
52416
5346
101250
62208
459270
6765
22176
15680
491520
192
95040
3120
19656
391
8772
957262828
162000
5808
8320
161280
405000
16524
84579
34944
20736
57624
11016
430080
336000
349920
15552
124416
268800
3000
46
5760
6720
1615
47958485
8015864
9600
35
95256
49000
211680
3584
256000
23115571
2906162
80
13122
2268
3510
33
364500
184320
2618049
50
49152
52488
10000
633
4655
1440
2431
35280
2304
87
39600
76800
29484
1001
345600
567
74880
44550
11264
103680
510205
2880
12150
67893369
281
104
4560
11232
69
119
186624
78
2688
55
110250
673921
59
276480
120000
118
20328
4539685
646
52800
7296
49280
92400
21600
30720
70400
28080
4704
214573
236250
75
9409159
18816
2940
102
88704
6552
7897861
84
10260
157464
14560
4312
1944
63
132300
30240
989447237
14700
35503
4480
999999998
9240
41580
994617
66150
786432
50400
165888
375000
82944
1848
414720
524880
37800
61740
21000
368640
96
4788
23814
56
33750
58320
8316
3564
665
41600
999999999
9450
109
163296
189
18432
11085765
49500
16320
73
18000
101
23040
26
3168
35640
52
67200
816
47
163840
964532929
17920
16200
2560
179200
787320
8424
8624
14688
6399199
1904
3072
4000
193
5940
6750
92317161
64922375
59400
18720
244944
13056
24576
3312
110
60480
5616
1000000
103
16464
15750
136080
5824
57
43740
91857
108864
306180
131
78750
76032
448
46080
2340
89600
5
243000
198450
3900
