18
1859 9231 5897 8867 7930 2165 3073 4920 2765 2219 8028 6994 9459 9282 6259 1105 6155 3225 
1414 19 8939 7264 3115 6180 6952 6798 2822 593 4155 78 976 4954 3271 8855 606 2512 
1529 3581 2288 9384 4796 9403 2230 2216 8488 3278 9183 1044 3347 6908 3152 1394 3075 4653 
7626 103 3723 3220 2489 298 8311 239 3156 6773 9471 5585 7595 3487 5572 101 253 4286 
1984 137 7132 9032 9187 3315 7775 7862 7943 340 4839 9581 8733 9441 1291 4494 2183 3902 
5969 1752 7910 5496 285 1933 3559 5901 2484 171 5659 6109 3862 6615 9534 1769 1536 7713 
5071 7949 8747 8018 2981 203 7641 8785 5254 1616 2287 5223 4557 8148 7247 4915 8065 722 
4283 9205 2951 822 8298 4085 8765 9076 5174 2311 7906 3223 2454 6017 8853 4837 3092 926 
5782 471 8279 3834 6319 6906 4838 4198 9246 2649 1965 1891 9477 4389 4098 2975 4993 7166 
8097 960 6389 3126 8074 6786 5832 6063 99 8435 773 5527 1239 869 2453 9361 6324 5398 
8638 2424 5065 7930 310 6536 6811 5598 8617 4071 8633 342 1919 5045 341 2076 3866 8914 
5428 9248 5731 2680 7867 4430 471 2260 9095 7522 7594 9928 4045 2017 9322 3927 2628 902 
1686 6918 9847 3855 3157 7065 3738 5615 412 6631 4258 8254 5049 5173 8057 9999 5669 3937 
2902 4955 9272 8591 9767 8384 491 2163 824 6773 287 2421 9610 7857 29 2156 7923 2300 
8862 4407 4277 1590 6466 588 9984 1722 799 3765 5340 6737 5381 6666 4664 1848 3746 7698 
1167 823 2278 5297 1873 9505 119 420 5089 262 1863 1153 238 5800 1969 6797 878 6962 
5585 3976 1110 3847 6158 9707 6835 7681 9939 9873 6403 2716 474 2438 5974 4859 605 5019 
9230 8105 1108 6833 3645 607 8501 5673 7941 4512 8578 9684 3898 619 1886 8229 8011 51 
