2000
168
1187
1068
839
190
764
126
287
843
1221
1807
359
472
859
1907
260
2
1114
657
1432
545
549
918
1740
647
883
740
1823
849
1648
1542
672
1307
483
1064
1975
708
485
44
1209
1702
1592
968
825
1445
1521
1040
1191
1717
374
1119
267
1353
250
41
605
700
1985
220
1873
1997
1100
1110
1696
1653
361
707
742
1393
1374
1715
1282
410
1023
1198
1195
780
817
1618
762
1416
1568
1972
1563
1467
398
1041
1600
1105
656
1759
1310
1429
106
1254
327
1251
1934
1206
1944
1737
542
570
1011
1745
379
139
1786
1463
1478
162
863
1887
766
120
1529
213
506
1247
1891
1242
1248
487
1392
1334
1235
610
288
170
1774
892
66
1025
1185
32
1988
215
121
1102
1993
1596
644
654
1738
1829
74
1791
1937
23
1061
724
189
1217
1598
1969
1566
827
824
335
1743
1615
1398
1017
1704
1263
225
1154
1213
503
688
273
1813
1487
1354
1946
1246
1945
1825
1261
848
1705
1173
315
1640
1436
854
983
342
1671
792
527
76
1082
1315
834
15
199
1394
990
668
4
1811
727
544
1452
801
1814
458
1012
1034
56
459
1112
1278
149
1431
70
1496
345
214
1778
1712
580
1582
357
1713
1685
128
242
1502
1877
1762
86
1601
1314
444
1694
1669
1580
202
745
27
1890
694
78
1661
1883
482
965
789
1803
1837
1031
256
1524
1052
660
1785
970
53
237
776
618
362
1915
1888
1544
1604
145
602
734
800
1602
866
21
412
959
1455
49
219
467
175
1768
20
12
1886
592
193
846
586
967
1622
182
280
954
713
1180
1457
1996
253
538
682
1534
118
1491
192
1166
1893
936
119
363
1332
1859
616
1331
980
823
1586
1658
1078
1
1214
1632
1160
993
895
1790
1219
346
109
1358
1311
1497
1930
94
670
1809
26
851
203
703
493
1190
940
1855
449
386
1460
529
93
1929
1039
1359
1655
1407
810
648
878
1538
100
1948
1385
525
975
1327
286
1920
1754
1397
1097
705
1164
414
635
813
1333
1486
558
1088
797
1550
973
633
1680
1931
971
28
561
1854
1960
991
87
1659
1744
38
1347
1682
133
389
1535
1329
35
423
385
1425
995
1360
1162
573
1531
1540
1924
380
1742
1032
200
1836
559
998
124
876
1428
1137
997
786
593
1267
211
1761
1597
963
188
811
462
1008
387
1794
1399
1471
1530
1910
1021
572
1133
278
338
880
240
1950
1892
637
710
763
896
177
1382
1095
629
1373
1199
1172
767
1667
1473
466
535
1362
353
931
904
1693
621
853
666
1070
403
1241
1104
1286
1243
271
55
1989
1270
541
1144
500
1148
1365
555
899
1847
1193
1613
893
1902
122
1674
1220
1204
1069
1501
138
804
1916
575
1028
103
1973
1547
1340
1609
1018
663
178
1458
754
294
1015
1826
296
714
1611
50
1479
1963
760
961
578
867
1621
261
552
1255
1718
869
1504
429
894
534
749
620
407
71
1634
1145
733
448
1739
1804
643
239
36
1411
1510
1911
860
915
881
574
960
941
739
1663
377
14
59
1435
1512
1691
1652
1369
1838
1426
927
1798
1991
156
7
1726
1224
426
1647
1380
2000
1337
142
491
1074
886
1492
1591
172
722
1968
1900
153
283
577
1697
1932
725
1533
1555
1325
1753
1701
1775
516
1108
125
165
649
336
101
581
1115
685
1481
604
667
741
1165
1856
554
1852
1913
1939
432
279
1200
841
174
979
1751
455
743
1038
996
691
1922
1760
874
1686
1302
1824
1465
435
447
988
1958
300
1884
97
246
692
1001
298
1984
1730
1048
1317
1817
1654
1056
1617
39
1983
378
369
652
1627
46
1355
607
434
254
956
430
1864
1957
1472
1933
1125
1536
718
173
547
1668
870
1294
650
1681
625
1575
595
512
946
513
1047
1126
1194
348
1387
1073
1035
1998
111
471
1645
1672
838
47
1266
576
1122
22
1027
1901
1030
228
1917
370
744
597
1783
1280
1427
536
1249
568
347
1395
673
981
1111
1464
514
416
738
1339
368
1026
726
1090
1721
164
835
589
281
1784
366
1770
1010
1228
234
10
275
226
1451
415
1328
409
677
191
829
1698
1424
1727
98
1127
1019
1159
543
1857
1561
1207
1466
537
1140
1711
1662
470
313
317
964
1519
533
1735
957
132
1923
830
171
887
1842
1802
450
64
611
808
747
394
752
1522
522
404
771
1403
1964
1970
1326
1216
1277
1720
1516
919
945
1440
255
408
1616
720
1265
1079
1979
806
1843
418
1157
664
736
1297
1106
442
334
1588
1301
1257
1058
1850
1378
768
1485
1020
69
638
1024
1227
1567
1417
1300
350
906
1849
186
478
1579
217
1272
564
321
302
1733
218
427
1636
1677
1999
1419
299
393
457
131
1188
265
1444
1722
1201
737
176
1952
396
304
1978
1474
1087
778
1086
756
1560
1874
540
994
160
1995
1461
1147
1109
1545
505
204
354
205
151
232
704
244
446
272
974
45
1981
1050
1269
900
929
95
916
769
80
1059
65
1867
1149
976
179
1558
1723
206
326
1222
1695
308
1959
1093
1980
1554
1868
1940
1370
301
1851
1186
1475
852
291
309
551
1130
469
1179
731
783
875
1408
557
908
1818
820
639
443
912
1303
816
376
43
925
1116
141
230
339
1184
1421
600
1625
1107
793
102
1381
392
1136
872
465
1871
1449
452
1176
318
367
515
1793
934
567
1181
1771
29
1869
1156
1994
114
1936
1938
985
787
1895
1897
391
34
590
1906
1626
1366
1296
245
833
325
1982
1239
285
502
943
1155
785
1447
419
207
1747
1845
770
1749
723
303
1210
966
905
1543
888
1623
719
837
788
1505
910
1323
1660
1620
1113
1866
306
54
986
955
1951
569
1679
1062
1226
297
1120
13
1835
129
562
1894
928
794
935
507
1583
1506
1581
262
1007
982
532
161
1250
208
1150
1703
231
879
1215
1212
1750
624
310
1921
1189
1590
1014
1876
1083
152
1772
1756
799
382
1060
1670
1571
1094
790
1075
1810
944
1211
1630
1508
1865
331
1271
82
556
1541
777
1238
695
560
1101
235
1046
923
1402
1260
486
77
329
1862
933
352
1537
865
1806
330
243
1844
140
1085
372
30
1498
1577
1977
732
1063
1766
1142
897
438
518
340
1792
1099
1049
51
884
807
1406
579
815
476
795
1313
1612
782
855
1914
942
1197
950
630
1321
832
696
1053
850
641
319
60
1320
154
627
1746
717
977
1666
803
1231
903
1500
781
276
504
1205
184
1454
1767
1675
1274
1477
1646
498
1375
584
1067
598
1935
1584
8
1896
196
1004
952
1797
1562
233
266
1603
1990
761
454
822
706
1124
282
1689
332
1853
1858
1351
1096
1092
591
999
1918
1678
796
1237
1415
1812
1352
81
615
1229
1476
1183
1103
1808
658
1947
475
263
1044
989
137
1077
1364
628
1714
441
1527
1389
320
553
582
1256
1955
115
1631
1526
1683
1569
775
473
1734
1570
1469
948
1037
1390
1234
812
159
1848
1098
1306
784
1589
158
1283
818
1962
947
1789
1448
181
6
274
1072
1285
932
1741
1009
99
686
1724
1553
836
651
831
1252
924
1437
1304
1700
774
680
1202
1594
1341
1276
1480
216
9
494
1253
167
684
284
1684
146
1941
1949
185
112
1904
748
1405
631
1927
819
307
337
384
1800
640
1889
1827
698
1514
1665
510
58
96
1643
1776
89
1833
1401
675
626
83
422
1764
1089
1245
92
1484
511
1870
222
1391
920
1134
268
674
519
1834
1342
526
665
926
1559
1965
1284
157
798
209
642
130
1546
984
238
539
1731
1898
721
636
1143
249
1781
623
344
1153
1299
1769
1288
1175
669
1840
277
481
634
681
1171
68
1316
1003
613
1573
364
1820
1736
715
1141
1966
1022
223
1752
1129
107
1379
1787
753
1564
1002
401
1557
608
1673
528
1641
1572
914
395
645
1356
1777
1971
1412
750
1409
1729
1363
1118
1556
1710
1013
1619
1494
290
1796
1420
1170
868
328
1372
333
1732
1687
907
437
840
373
1244
292
1482
882
978
241
490
1513
913
236
1954
1033
828
1511
1309
596
3
497
1832
1123
603
195
814
1182
1585
1383
889
729
622
1259
1230
1520
1367
488
917
1091
1523
802
1885
1388
566
1208
709
1755
1607
1788
496
1576
270
1371
746
1468
305
1163
1223
1882
1656
169
433
251
61
1757
375
653
1637
659
1438
711
1268
826
1974
1639
1350
1953
1822
1879
1418
1549
1348
440
1291
1414
1319
922
1192
909
1016
1574
1499
405
1551
383
463
845
730
1386
323
201
614
1384
351
1422
1324
1322
1430
155
520
341
84
1839
460
873
601
1345
1779
759
451
1453
972
19
1801
1080
1880
524
1006
949
295
259
1841
550
1071
1976
1376
229
930
479
480
689
1279
1442
143
1518
773
248
1240
322
1076
1928
676
1638
1117
198
1128
1706
424
1642
1765
67
1986
1488
1152
1795
1343
1489
1169
1368
683
772
365
289
456
1292
1262
1225
1875
258
847
1135
571
877
1758
1400
1816
953
911
1029
1699
1441
1456
1517
594
1676
1799
1413
1335
1495
1346
1651
1295
113
397
194
5
1290
17
91
1132
163
269
508
1635
1298
1748
1925
1264
599
1707
1233
702
1819
400
588
678
1926
210
406
1338
1763
1961
166
147
108
1593
1161
1956
1289
31
264
546
1336
862
431
16
1158
212
1690
224
735
890
1232
857
1330
1649
453
1905
63
690
388
987
1509
1942
48
399
127
227
468
609
1878
1860
104
1606
858
1708
349
417
90
1987
1131
425
523
360
495
421
716
1650
901
356
1167
1036
477
1065
1138
1595
938
844
509
1483
951
371
821
765
1349
324
671
37
1728
135
1318
1528
420
180
1709
661
1624
1258
1287
343
52
1614
728
316
1565
445
1815
187
587
1908
85
861
221
1780
1507
57
617
655
1055
585
62
358
117
1057
1846
1503
1539
583
646
148
1992
1196
413
712
1633
885
1203
197
1000
1308
24
1081
474
1146
619
381
1664
1688
805
1831
1293
1716
791
1446
428
606
1005
257
530
612
464
1909
1051
662
79
1410
1121
1361
42
937
501
856
1404
123
116
311
864
1628
1912
1084
891
701
1281
411
1881
1490
992
1218
1236
842
247
758
1459
1903
1805
679
1692
962
939
461
1462
1357
1899
902
1919
1515
1782
687
390
1830
1863
779
134
355
809
1610
33
751
1045
1275
1608
1599
312
1644
144
1312
1525
1548
88
1042
1605
75
693
150
1587
402
1725
1273
921
439
1719
1396
548
1967
1443
1177
969
1344
563
183
40
1377
531
1450
11
697
1139
1773
1174
632
314
699
293
1552
105
25
1943
1168
1821
73
521
492
18
1178
110
871
1066
252
755
1151
1433
72
499
1828
1054
484
1470
1629
1657
1493
757
517
958
1439
1423
136
436
1532
1861
1578
1305
1434
565
489
1043
898
1872
